#     BLOCK:   ACTUAL_TE:    TE_AVE:      ERROR:
           1   -0.454861   -0.454861           0
           2   -0.461318    -0.45809  0.00228311
           3   -0.462514   -0.459564  0.00194074
           4   -0.462603   -0.460324  0.00159735
           5   -0.465488   -0.461357  0.00157681
           6   -0.464252   -0.461839  0.00138587
           7   -0.473631   -0.463524  0.00196046
           8   -0.466007   -0.463834  0.00173981
           9   -0.457882   -0.463173  0.00166748
          10   -0.464517   -0.463307  0.00150614
          11   -0.467633   -0.463701  0.00141962
          12   -0.456441   -0.463096  0.00142441
          13   -0.458859    -0.46277   0.0013516
          14   -0.463228   -0.462802  0.00125545
          15   -0.462766     -0.4628  0.00117176
          16   -0.459428   -0.462589  0.00111732
          17   -0.457164    -0.46227  0.00109622
          18   -0.462731   -0.462296  0.00103562
          19   -0.468855   -0.462641  0.00103706
          20   -0.471131   -0.463065  0.00106857
          21   -0.460174   -0.462928  0.00102651
          22   -0.463826   -0.462969 0.000980665
          23   -0.456588   -0.462691 0.000976479
          24   -0.458938   -0.462535 0.000948234
          25   -0.462778   -0.462545 0.000910355
          26   -0.470153   -0.462837 0.000921173
          27   -0.456967    -0.46262 0.000912349
          28   -0.466711   -0.462766  0.00089139
          29   -0.460054   -0.462672 0.000865545
          30   -0.448901   -0.462213 0.000950663
          31   -0.463874   -0.462267 0.000921505
          32   -0.455658    -0.46206 0.000915562
          33   -0.453626   -0.461805 0.000922806
          34   -0.452138    -0.46152 0.000938438
          35   -0.453231   -0.461284 0.000941036
          36   -0.469628   -0.461515 0.000943011
          37   -0.454594   -0.461328 0.000935892
          38    -0.46535   -0.461434 0.000917226
          39   -0.458518   -0.461359  0.00089675
          40   -0.462822   -0.461396 0.000875076
          41   -0.458277    -0.46132 0.000857033
          42   -0.466763   -0.461449  0.00084637
          43   -0.460109   -0.461418 0.000827261
          44   -0.463647   -0.461469 0.000810009
          45   -0.467339   -0.461599 0.000802445
          46   -0.456512   -0.461489 0.000792585
          47   -0.464914   -0.461562 0.000779065
          48   -0.465992   -0.461654 0.000768283
          49   -0.455058   -0.461519 0.000764307
          50   -0.458286   -0.461455 0.000751752
          51   -0.462442   -0.461474 0.000737261
          52    -0.47331   -0.461702 0.000757402
          53   -0.464977   -0.461763 0.000745628
          54   -0.472342   -0.461959 0.000757119
          55   -0.466514   -0.462042 0.000747869
          56    -0.46393   -0.462076 0.000735274
          57   -0.449306   -0.461852 0.000755733
          58   -0.462406   -0.461861 0.000742763
          59   -0.473938   -0.462066 0.000757851
          60   -0.464326   -0.462104 0.000746155
          61    -0.45633   -0.462009 0.000739902
          62   -0.467015    -0.46209  0.00073236
          63   -0.459017   -0.462041 0.000722358
          64   -0.468844   -0.462147 0.000718849
          65   -0.460409   -0.462121 0.000708288
          66    -0.46535    -0.46217 0.000699244
          67      -0.466   -0.462227 0.000691141
          68   -0.461208   -0.462212  0.00068114
          69   -0.463334   -0.462228 0.000671462
          70   -0.466542    -0.46229 0.000664692
          71   -0.455589   -0.462195 0.000661997
          72   -0.460654   -0.462174 0.000653149
          73   -0.461104   -0.462159 0.000644366
          74   -0.468149    -0.46224 0.000640722
          75    -0.46397   -0.462263 0.000632594
          76   -0.465552   -0.462306 0.000625749
          77   -0.457493   -0.462244 0.000620737
          78   -0.465683   -0.462288 0.000614343
          79   -0.468395   -0.462365 0.000611411
          80   -0.464923   -0.462397 0.000604604
          81   -0.460862   -0.462378 0.000597436
          82   -0.450353   -0.462232 0.000607884
          83   -0.471324   -0.462341  0.00061035
          84   -0.461008   -0.462325 0.000603291
          85   -0.460884   -0.462308 0.000596431
          86   -0.470154     -0.4624 0.000596433
          87   -0.466023   -0.462441  0.00059103
          88   -0.456494   -0.462374 0.000588165
          89   -0.469004   -0.462448 0.000586256
          90   -0.473157   -0.462567 0.000591693
          91   -0.466113   -0.462606 0.000586472
          92   -0.465128   -0.462634 0.000580738
          93   -0.470025   -0.462713 0.000579906
          94   -0.466218    -0.46275 0.000574934
          95   -0.462733    -0.46275 0.000568882
          96   -0.467827   -0.462803 0.000565409
          97   -0.461742   -0.462792 0.000559686
          98   -0.465189   -0.462817 0.000554509
          99   -0.465314   -0.462842 0.000549481
         100   -0.459611    -0.46281 0.000544935
         101   -0.461612   -0.462798 0.000539669
         102   -0.461554   -0.462785 0.000534516
         103   -0.459534   -0.462754 0.000530258
         104   -0.468543    -0.46281 0.000528073
         105   -0.458514   -0.462769 0.000524626
         106   -0.457947   -0.462723 0.000521645
         107   -0.459114   -0.462689 0.000517859
         108   -0.461046   -0.462674 0.000513288
         109   -0.461539   -0.462664 0.000508684
         110   -0.462106   -0.462659 0.000504085
         111   -0.465017    -0.46268 0.000499991
         112   -0.459459   -0.462651 0.000496353
         113    -0.46119   -0.462638 0.000492129
         114   -0.469265   -0.462696 0.000491233
         115    -0.46081    -0.46268 0.000487235
         116   -0.453236   -0.462599  0.00048979
         117   -0.462611   -0.462599 0.000485603
         118   -0.479286    -0.46274 0.000501659
         119    -0.46689   -0.462775 0.000498653
         120   -0.454723   -0.462708 0.000498992
         121   -0.461278   -0.462696 0.000495008
         122   -0.453598   -0.462622 0.000496536
         123   -0.457752   -0.462582 0.000494075
         124   -0.472312    -0.46266 0.000496283
         125   -0.465838   -0.462686 0.000492963
         126   -0.460282   -0.462667  0.00048942
         127   -0.464951   -0.462685 0.000485897
         128    -0.45841   -0.462651 0.000483247
         129   -0.460806   -0.462637 0.000479713
         130   -0.460121   -0.462618 0.000476413
         131   -0.473033   -0.462697 0.000479364
         132   -0.462118   -0.462693 0.000475753
         133    -0.46285   -0.462694 0.000472177
         134   -0.466984   -0.462726 0.000469737
         135   -0.454497   -0.462665 0.000470196
         136   -0.458434   -0.462634 0.000467767
         137   -0.463878   -0.462643 0.000464441
         138   -0.463254   -0.462647 0.000461096
         139   -0.461047   -0.462636 0.000457923
         140   -0.466102   -0.462661 0.000455321
         141   -0.465981   -0.462684   0.0004527
         142   -0.460012   -0.462665 0.000449903
         143   -0.458546   -0.462637 0.000447678
         144    -0.46522   -0.462655 0.000444928
         145   -0.462455   -0.462653 0.000441862
         146   -0.469918   -0.462703 0.000441629
         147   -0.458375   -0.462673 0.000439605
         148   -0.470126   -0.462724 0.000439509
         149    -0.47001   -0.462773 0.000439271
         150   -0.455194   -0.462722 0.000439239
         151   -0.456454   -0.462681 0.000438288
         152   -0.461522   -0.462673  0.00043547
         153   -0.460508   -0.462659 0.000432854
         154    -0.46627   -0.462682 0.000430678
         155   -0.460716    -0.46267 0.000428086
         156   -0.460249   -0.462654 0.000425623
         157   -0.469994   -0.462701 0.000425472
         158   -0.452265   -0.462635 0.000427875
         159   -0.466941   -0.462662  0.00042604
         160    -0.46827   -0.462697 0.000424817
         161   -0.461932   -0.462692 0.000422205
         162   -0.479258   -0.462794 0.000431804
         163   -0.458943   -0.462771 0.000429801
         164   -0.467265   -0.462798 0.000428053
         165   -0.467483   -0.462827 0.000426399
         166   -0.460138    -0.46281 0.000424138
         167   -0.464294   -0.462819 0.000421691
         168    -0.46017   -0.462804 0.000419476
         169   -0.453751    -0.46275   0.0004204
         170    -0.45885   -0.462727 0.000418553
         171   -0.465357   -0.462742 0.000416387
         172   -0.466774   -0.462766 0.000414626
         173   -0.471368   -0.462816   0.0004152
         174   -0.448399   -0.462733 0.000420999
         175   -0.464508   -0.462743 0.000418715
         176   -0.469246    -0.46278 0.000417964
         177   -0.462038   -0.462776 0.000415623
         178   -0.459091   -0.462755 0.000413803
         179   -0.467749   -0.462783 0.000412431
         180   -0.458926   -0.462761 0.000410696
         181   -0.467463   -0.462787 0.000409248
         182   -0.470993   -0.462832 0.000409475
         183   -0.468503   -0.462863 0.000408408
         184   -0.465866    -0.46288 0.000406514
         185   -0.470899   -0.462923 0.000406622
         186   -0.456653   -0.462889 0.000405831
         187   -0.461769   -0.462883 0.000403705
         188    -0.46047   -0.462871 0.000401761
         189   -0.457443   -0.462842  0.00040066
         190   -0.464237   -0.462849 0.000398619
         191    -0.46079   -0.462838 0.000396678
         192   -0.457386    -0.46281 0.000395627
         193   -0.456675   -0.462778 0.000394852
         194   -0.465266   -0.462791 0.000393025
         195   -0.456806    -0.46276 0.000392206
         196   -0.459866   -0.462746 0.000390483
         197   -0.466494   -0.462765 0.000388964
         198   -0.452794   -0.462714 0.000390246
         199   -0.465805    -0.46273 0.000388594
         200   -0.455121   -0.462692 0.000388509
         201   -0.467517   -0.462716 0.000387317
         202   -0.450856   -0.462657 0.000389824
         203   -0.458246   -0.462635 0.000388509
         204   -0.464006   -0.462642 0.000386662
         205   -0.456278   -0.462611  0.00038602
         206   -0.459843   -0.462598  0.00038438
         207   -0.454789    -0.46256  0.00038437
         208   -0.473121   -0.462611 0.000385861
         209   -0.462861   -0.462612 0.000384016
         210   -0.463902   -0.462618 0.000382237
         211   -0.463796   -0.462624 0.000380466
         212   -0.452448   -0.462576 0.000381687
         213   -0.470553   -0.462613 0.000381728
         214   -0.463061   -0.462615  0.00037995
         215   -0.461486    -0.46261 0.000378219
         216    -0.46386   -0.462616 0.000376512
         217   -0.461386    -0.46261  0.00037482
         218   -0.459466   -0.462596 0.000373378
         219   -0.461567   -0.462591 0.000371702
         220   -0.465848   -0.462606 0.000370308
         221   -0.458758   -0.462588 0.000369041
         222   -0.468848   -0.462616 0.000368454
         223   -0.472337    -0.46266 0.000369371
         224   -0.466969   -0.462679 0.000368223
         225   -0.476317    -0.46274 0.000371541
         226   -0.477269   -0.462804 0.000375418
         227   -0.459887   -0.462791 0.000373984
         228   -0.457881    -0.46277 0.000372963
         229   -0.455225   -0.462737 0.000372787
         230   -0.465444   -0.462749 0.000371352
         231   -0.459278   -0.462734 0.000370048
         232   -0.458895   -0.462717 0.000368823
         233   -0.467076   -0.462736 0.000367714
         234   -0.461038   -0.462728 0.000366214
         235   -0.464853   -0.462738 0.000364768
         236   -0.463174   -0.462739 0.000363227
         237    -0.46767    -0.46276 0.000362289
         238   -0.462144   -0.462758 0.000360777
         239   -0.461682   -0.462753 0.000359295
         240   -0.474718   -0.462803  0.00036124
         241   -0.464765   -0.462811 0.000359833
         242   -0.464473   -0.462818 0.000358411
         243   -0.468486   -0.462841 0.000357695
         244   -0.463848   -0.462845 0.000356252
         245   -0.461314   -0.462839 0.000354853
         246    -0.45751   -0.462817 0.000354071
         247   -0.461814   -0.462813 0.000352661
         248   -0.467054   -0.462831 0.000351654
         249   -0.474119   -0.462876 0.000353152
         250    -0.46609   -0.462889 0.000351973
         251   -0.468674   -0.462912 0.000351325
         252   -0.478191   -0.462972 0.000355124
         253   -0.469721   -0.462999 0.000354721
         254   -0.462694   -0.462998 0.000353326
         255    -0.46251   -0.462996 0.000351946
         256   -0.454698   -0.462964  0.00035206
         257   -0.466253   -0.462976 0.000350923
         258   -0.464486   -0.462982 0.000349612
         259   -0.465218   -0.462991 0.000348368
         260   -0.463401   -0.462992 0.000347032
         261    -0.47303   -0.463031 0.000347827
         262   -0.451745   -0.462988 0.000349157
         263   -0.460993    -0.46298 0.000347911
         264   -0.465802   -0.462991 0.000346758
         265   -0.463381   -0.462992 0.000345452
         266    -0.46093   -0.462985 0.000344241
         267   -0.461089   -0.462978 0.000343025
         268   -0.457323   -0.462956 0.000342393
         269   -0.461674   -0.462952 0.000341153
         270   -0.462831   -0.462951  0.00033989
         271   -0.462357   -0.462949 0.000338643
         272   -0.463282    -0.46295   0.0003374
         273   -0.458274   -0.462933 0.000336599
         274   -0.463838   -0.462936 0.000335387
         275   -0.451052   -0.462893  0.00033694
         276   -0.470976   -0.462922 0.000336989
         277   -0.456858   -0.462901 0.000336483
         278    -0.46337   -0.462902 0.000335277
         279    -0.46515    -0.46291 0.000334172
         280   -0.461465   -0.462905 0.000333018
         281   -0.457438   -0.462886 0.000332401
         282   -0.460624   -0.462878 0.000331319
         283   -0.463099   -0.462878 0.000330149
         284   -0.460414    -0.46287 0.000329101
         285    -0.45864   -0.462855  0.00032828
         286   -0.469172   -0.462877 0.000327875
         287   -0.462854   -0.462877 0.000326732
         288   -0.471758   -0.462908  0.00032705
         289    -0.44421   -0.462843 0.000332256
         290   -0.470376   -0.462869 0.000332124
         291   -0.461619   -0.462865  0.00033101
         292   -0.461963   -0.462862 0.000329891
         293   -0.461503   -0.462857 0.000328798
         294   -0.459964   -0.462847 0.000327827
         295    -0.46567   -0.462857 0.000326855
         296   -0.466647    -0.46287 0.000326002
         297   -0.453337   -0.462837  0.00032648
         298   -0.464311   -0.462842 0.000325422
         299   -0.464952   -0.462849  0.00032441
         300   -0.456046   -0.462827 0.000324121
         301   -0.460326   -0.462819  0.00032315
         302   -0.463231    -0.46282 0.000322083
         303   -0.458289   -0.462805 0.000321367
         304   -0.459382   -0.462794 0.000320507
         305   -0.469668   -0.462816 0.000320248
         306   -0.471116   -0.462843 0.000320348
         307    -0.46623   -0.462854 0.000319494
         308   -0.462651   -0.462854 0.000318458
         309   -0.455189   -0.462829 0.000318392
         310    -0.46296   -0.462829 0.000317365
         311   -0.460727   -0.462823 0.000316416
         312    -0.47307   -0.462855 0.000317102
         313   -0.466562   -0.462867  0.00031631
         314   -0.465745   -0.462876 0.000315436
         315   -0.458134   -0.462861 0.000314793
         316   -0.470094   -0.462884 0.000314628
         317    -0.45561   -0.462861 0.000314471
         318    -0.46333   -0.462863 0.000313486
         319   -0.474244   -0.462898 0.000314527
         320   -0.467659   -0.462913 0.000313895
         321   -0.465381   -0.462921 0.000313012
         322   -0.461434   -0.462916 0.000312074
         323   -0.470793   -0.462941 0.000312059
         324   -0.464255   -0.462945 0.000311122
         325   -0.461179   -0.462939 0.000310212
         326   -0.472917    -0.46297 0.000310767
         327   -0.465282   -0.462977 0.000309897
         328   -0.452154   -0.462944 0.000310704
         329   -0.456493   -0.462924 0.000310378
         330   -0.460602   -0.462917 0.000309517
         331   -0.464501   -0.462922 0.000308619
         332   -0.455006   -0.462898 0.000308609
         333    -0.45821   -0.462884 0.000308003
         334   -0.458084    -0.46287 0.000307416
         335   -0.465982   -0.462879 0.000306639
         336   -0.465765   -0.462888 0.000305846
         337   -0.458659   -0.462875 0.000305196
         338   -0.453598   -0.462848 0.000305525
         339   -0.470119   -0.462869 0.000305375
         340    -0.46354   -0.462871 0.000304484
         341   -0.458664   -0.462859 0.000303841
         342   -0.462479   -0.462858 0.000302954
         343   -0.458623   -0.462845 0.000302322
         344   -0.467783    -0.46286 0.000301784
         345   -0.463554   -0.462862 0.000300916
         346   -0.458774    -0.46285 0.000300278
         347   -0.465534   -0.462858 0.000299513
         348   -0.465424   -0.462865 0.000298743
         349   -0.462035   -0.462863 0.000297896
         350   -0.468323   -0.462878 0.000297453
         351   -0.466618   -0.462889 0.000296797
         352   -0.463325    -0.46289 0.000295956
         353   -0.460914   -0.462885  0.00029517
         354   -0.470943   -0.462907 0.000295213
         355   -0.458571   -0.462895 0.000294634
         356   -0.462218   -0.462893 0.000293813
         357   -0.462245   -0.462891 0.000292995
         358   -0.454426   -0.462868 0.000293129
         359   -0.469141   -0.462885 0.000292833
         360    -0.45507   -0.462864 0.000292823
         361   -0.464356   -0.462868 0.000292041
         362   -0.463536    -0.46287  0.00029124
         363   -0.464054   -0.462873 0.000290456
         364   -0.461237   -0.462868 0.000289693
         365   -0.464146   -0.462872 0.000288921
         366    -0.45481    -0.46285  0.00028897
         367   -0.460266   -0.462843 0.000288268
         368    -0.46715   -0.462854 0.000287722
         369   -0.474219   -0.462885 0.000288586
         370    -0.45461   -0.462863 0.000288672
         371   -0.456869   -0.462847 0.000288346
         372    -0.46122   -0.462842 0.000287604
         373   -0.459283   -0.462833 0.000286991
         374   -0.479806   -0.462878 0.000289789
         375   -0.454279   -0.462855 0.000289922
         376   -0.467137   -0.462867 0.000289375
         377   -0.455298   -0.462847 0.000289303
         378   -0.478751   -0.462889 0.000291581
         379   -0.468447   -0.462903  0.00029118
         380   -0.464588   -0.462908 0.000290448
         381   -0.468187   -0.462922 0.000290016
         382   -0.452541   -0.462894 0.000290527
         383    -0.45382   -0.462871 0.000290733
         384   -0.463618   -0.462873 0.000289982
         385   -0.465831    -0.46288 0.000289331
         386   -0.466898   -0.462891 0.000288768
         387   -0.466359     -0.4629 0.000288161
         388   -0.459503   -0.462891 0.000287552
         389   -0.467728   -0.462903 0.000287081
         390    -0.47475   -0.462934 0.000287948
         391    -0.45772    -0.46292  0.00028752
         392   -0.454969     -0.4629 0.000287501
         393   -0.460874   -0.462895 0.000286816
         394    -0.46505     -0.4629  0.00028614
         395   -0.452276   -0.462874 0.000286677
         396   -0.463319   -0.462875 0.000285955
         397   -0.461221   -0.462871 0.000285265
         398   -0.463934   -0.462873 0.000284561
         399   -0.462058   -0.462871 0.000283855
         400   -0.462458    -0.46287 0.000283147
         401   -0.462509   -0.462869 0.000282443
         402   -0.456764   -0.462854 0.000282148
         403   -0.455422   -0.462836  0.00028205
         404   -0.462194   -0.462834 0.000281356
         405   -0.458861   -0.462824 0.000280833
         406   -0.460758   -0.462819 0.000280187
         407   -0.450758   -0.462789 0.000281062
         408    -0.46828   -0.462803 0.000280695
         409   -0.474585   -0.462832 0.000281483
         410   -0.466142    -0.46284 0.000280912
         411   -0.472431   -0.462863 0.000281196
         412    -0.45103   -0.462834 0.000281977
         413   -0.465428   -0.462841 0.000281364
         414   -0.468566   -0.462855 0.000281024
         415   -0.466302   -0.462863 0.000280469
         416   -0.463152   -0.462864 0.000279796
         417   -0.471722   -0.462885 0.000279931
         418   -0.453225   -0.462862 0.000280213
         419   -0.459842   -0.462854 0.000279637
         420   -0.466523   -0.462863 0.000279108
         421   -0.451865   -0.462837 0.000279665
         422   -0.467893   -0.462849 0.000279258
         423   -0.467802   -0.462861 0.000278844
         424   -0.464794   -0.462865 0.000278223
         425    -0.47307   -0.462889 0.000278603
         426   -0.467084   -0.462899 0.000278123
         427   -0.457879   -0.462887  0.00027772
         428   -0.471234   -0.462907 0.000277755
         429   -0.474231   -0.462933 0.000278359
         430    -0.46411   -0.462936 0.000277725
         431   -0.454221   -0.462916 0.000277816
         432   -0.452923   -0.462893 0.000278134
         433    -0.45322    -0.46287 0.000278387
         434   -0.460679   -0.462865 0.000277791
         435   -0.455728   -0.462849 0.000277637
         436   -0.473939   -0.462874 0.000278163
         437   -0.461706   -0.462872 0.000277539
         438   -0.456379   -0.462857 0.000277301
         439   -0.458818   -0.462848 0.000276822
         440   -0.451498   -0.462822 0.000277392
         441   -0.460172   -0.462816 0.000276828
         442   -0.460246    -0.46281 0.000276263
         443   -0.464587   -0.462814 0.000275668
         444   -0.462118   -0.462812 0.000275052
         445   -0.472235   -0.462834 0.000275248
         446   -0.467424   -0.462844 0.000274823
         447   -0.462663   -0.462844 0.000274208
         448    -0.44965   -0.462814 0.000275173
         449   -0.456894   -0.462801 0.000274876
         450   -0.459884   -0.462794 0.000274342
         451   -0.463914   -0.462797 0.000273745
         452   -0.478858   -0.462832 0.000275436
         453    -0.46317   -0.462833 0.000274829
         454   -0.456376   -0.462819 0.000274591
         455   -0.469526   -0.462834 0.000274383
         456   -0.461677   -0.462831 0.000273793
         457   -0.462413    -0.46283 0.000273195
         458   -0.460714   -0.462826 0.000272638
         459   -0.458738   -0.462817 0.000272189
         460   -0.462654   -0.462816 0.000271598
         461   -0.471093   -0.462834 0.000271601
         462   -0.453817   -0.462815 0.000271714
         463   -0.462521   -0.462814 0.000271128
         464   -0.459104   -0.462806 0.000270661
         465   -0.465245   -0.462811  0.00027013
         466   -0.448322    -0.46278 0.000271334
         467   -0.475093   -0.462807 0.000272031
         468   -0.462937   -0.462807  0.00027145
         469   -0.467811   -0.462818 0.000271081
         470   -0.469293   -0.462831 0.000270854
         471   -0.456031   -0.462817 0.000270663
         472   -0.461114   -0.462813 0.000270114
         473   -0.466702   -0.462822 0.000269668
         474   -0.463947   -0.462824 0.000269109
         475   -0.466297   -0.462831 0.000268642
         476   -0.464406   -0.462835 0.000268098
         477   -0.468829   -0.462847  0.00026783
         478   -0.462872   -0.462847  0.00026727
         479   -0.455104   -0.462831 0.000267201
         480   -0.457413    -0.46282 0.000266882
         481   -0.455939   -0.462805  0.00026671
         482   -0.455706   -0.462791 0.000266564
         483   -0.467102     -0.4628 0.000266161
         484   -0.452644   -0.462779 0.000266437
         485   -0.464098   -0.462781 0.000265901
         486   -0.469035   -0.462794 0.000265665
         487   -0.460468   -0.462789 0.000265163
         488   -0.460294   -0.462784 0.000264669
         489   -0.465981   -0.462791 0.000264208
         490   -0.468042   -0.462802 0.000263886
         491   -0.469338   -0.462815 0.000263684
         492   -0.456854   -0.462803 0.000263427
         493   -0.469396   -0.462816 0.000263232
         494   -0.460518   -0.462812  0.00026274
         495   -0.473638   -0.462833 0.000263118
         496   -0.461378    -0.46283 0.000262604
         497   -0.460567   -0.462826 0.000262115
         498   -0.459887    -0.46282 0.000261655
         499   -0.458907   -0.462812 0.000261248
         500   -0.478097   -0.462843 0.000262508
