# Blocco	Energia Media	Errore Energia	Pressione Media	Errore Pressione
1	-8.49169	0.0	4.31594	0.0
2	-8.4314	0.0426269	4.64217	0.230677
3	-8.35955	0.065186	5.03103	0.35279
4	-8.30371	0.0687652	5.33719	0.374579
5	-8.24565	0.0756511	5.65594	0.413615
6	-8.19373	0.0788737	5.94394	0.433502
7	-8.15395	0.0769868	6.16283	0.423243
8	-8.12339	0.0731789	6.3288	0.401564
9	-8.10067	0.0684829	6.45121	0.375139
10	-8.07863	0.0650847	6.57068	0.356139
11	-8.06119	0.0614615	6.66505	0.336035
12	-8.04274	0.0590435	6.76623	0.322906
13	-8.02319	0.057646	6.87207	0.314934
14	-8.00148	0.057473	6.99124	0.314179
15	-7.98825	0.0551436	7.06397	0.301535
16	-7.97858	0.0525383	7.11774	0.287442
17	-7.967	0.0507075	7.18149	0.277514
18	-7.95549	0.0491799	7.24589	0.269464
19	-7.9409	0.0487066	7.32753	0.267364
20	-7.92979	0.0475205	7.39009	0.261213
21	-7.92065	0.0461285	7.44184	0.253849
22	-7.91311	0.0446434	7.4846	0.245884
23	-7.90767	0.0430329	7.51595	0.237185
24	-7.90316	0.0414755	7.54147	0.22867
25	-7.89736	0.0402195	7.57405	0.221832
26	-7.89256	0.0389586	7.60111	0.214944
27	-7.88563	0.0381274	7.63925	0.210341
28	-7.87894	0.037348	7.67698	0.206184
29	-7.87261	0.036592	7.71216	0.202053
30	-7.86608	0.0359502	7.74815	0.198498
31	-7.85695	0.0359305	7.79903	0.198509
32	-7.84831	0.0358314	7.84638	0.197871
33	-7.84052	0.0355837	7.88975	0.19657
34	-7.83398	0.0351323	7.92601	0.194105
35	-7.82948	0.034415	7.95058	0.190108
36	-7.82524	0.0337202	7.97321	0.18617
37	-7.82365	0.0328461	7.98147	0.181321
38	-7.82063	0.03212	7.9978	0.177283
39	-7.81871	0.0313538	8.00823	0.173044
40	-7.81626	0.0306661	8.0212	0.169204
41	-7.8126	0.0301352	8.04119	0.166253
42	-7.81032	0.0295037	8.05382	0.162774
43	-7.8078	0.028925	8.06752	0.159564
44	-7.80386	0.0285346	8.08913	0.157394
45	-7.79949	0.0282335	8.11255	0.155629
46	-7.79385	0.028178	8.14337	0.155267
47	-7.78887	0.0280153	8.17122	0.154442
48	-7.78277	0.0280878	8.20499	0.154872
49	-7.77804	0.0279095	8.23119	0.153911
50	-7.77379	0.0276736	8.2548	0.152634
51	-7.77041	0.0273355	8.27345	0.150776
52	-7.76655	0.0270823	8.29428	0.149308
53	-7.76208	0.0269367	8.31781	0.148333
54	-7.75715	0.026885	8.3446	0.147986
55	-7.75214	0.0268601	8.37173	0.147761
56	-7.7473	0.0268124	8.39809	0.147455
57	-7.74346	0.0266153	8.41914	0.146363
58	-7.73941	0.0264627	8.44077	0.145429
59	-7.73692	0.0261313	8.45371	0.143539
60	-7.73373	0.0258894	8.4714	0.142232
61	-7.73014	0.025713	8.49143	0.141304
62	-7.72529	0.0257513	8.51792	0.141485
63	-7.72144	0.0256288	8.5388	0.140772
64	-7.71717	0.025582	8.5621	0.140488
65	-7.71324	0.0254875	8.5833	0.139916
66	-7.70947	0.0253788	8.60348	0.139244
67	-7.70656	0.0251662	8.61922	0.138053
68	-7.7035	0.0249825	8.63563	0.136994
69	-7.70086	0.0247595	8.65025	0.135787
70	-7.69777	0.0245976	8.66701	0.134878
71	-7.69512	0.0243934	8.68122	0.133724
72	-7.69256	0.0241888	8.6951	0.132586
73	-7.689	0.024117	8.71447	0.132176
74	-7.6845	0.0242072	8.73869	0.132591
75	-7.68116	0.0241139	8.75728	0.13212
76	-7.67843	0.0239508	8.77244	0.131248
77	-7.67547	0.0238222	8.78848	0.13052
78	-7.67337	0.0236092	8.79959	0.129319
79	-7.67147	0.0233862	8.81018	0.128115
80	-7.66915	0.0232087	8.82263	0.127117
81	-7.66709	0.0230143	8.8337	0.126028
82	-7.66446	0.0228828	8.84792	0.125292
83	-7.66229	0.0227094	8.85938	0.124305
84	-7.66003	0.0225518	8.87185	0.123449
85	-7.65825	0.0223569	8.88191	0.122406
86	-7.65628	0.0221832	8.89291	0.121476
87	-7.65436	0.0220115	8.90357	0.120546
88	-7.65194	0.0218939	8.91675	0.119895
89	-7.65002	0.0217317	8.92695	0.118981
90	-7.64813	0.0215721	8.93705	0.118087
91	-7.64693	0.0213681	8.9432	0.116949
92	-7.64565	0.0211744	8.94981	0.115864
93	-7.6436	0.0210454	8.96072	0.115131
94	-7.64139	0.0209376	8.97255	0.114513
95	-7.63883	0.0208734	8.98639	0.11414
96	-7.63726	0.020715	8.9947	0.113253
97	-7.63575	0.020556	9.0028	0.112375
98	-7.63386	0.0204336	9.01294	0.111685
99	-7.63196	0.0203154	9.02309	0.111017
100	-7.6302	0.0201878	9.03288	0.110338
101	-7.62943	0.0200028	9.03755	0.109344
102	-7.62868	0.0198206	9.04167	0.10835
103	-7.62864	0.0196282	9.04196	0.107298
104	-7.62835	0.0194416	9.04378	0.106282
105	-7.62802	0.0192592	9.04572	0.105287
106	-7.62768	0.0190805	9.04778	0.104314
107	-7.62657	0.0189346	9.054	0.103524
108	-7.62518	0.0188102	9.06132	0.102825
109	-7.62498	0.0186387	9.06278	0.101892
110	-7.62438	0.0184789	9.0665	0.101033
111	-7.62402	0.0183159	9.06868	0.100147
112	-7.62383	0.0181533	9.06983	0.099259
113	-7.62261	0.0180338	9.07652	0.0986058
114	-7.62146	0.0179123	9.08275	0.0979374
115	-7.62021	0.0177998	9.08963	0.097327
116	-7.61974	0.0176524	9.09229	0.0965244
117	-7.61821	0.0175681	9.10098	0.0960895
118	-7.61689	0.0174686	9.10809	0.0955381
119	-7.6162	0.0173355	9.11181	0.0948077
120	-7.61556	0.0172029	9.11516	0.0940768
121	-7.61482	0.0170768	9.11899	0.093377
122	-7.61438	0.0169424	9.12119	0.0926376
123	-7.61379	0.016815	9.12421	0.0919335
124	-7.61327	0.0166873	9.12687	0.0912307
125	-7.61211	0.0165941	9.13304	0.090709
126	-7.60999	0.0165973	9.14477	0.0907446
127	-7.60842	0.0165404	9.15325	0.0904254
128	-7.60693	0.0164785	9.16112	0.0900612
129	-7.60543	0.0164191	9.16912	0.0897169
130	-7.60388	0.016366	9.17723	0.0893931
131	-7.60213	0.0163342	9.18676	0.0892173
132	-7.60035	0.0163068	9.19629	0.0890491
133	-7.59843	0.0162968	9.20658	0.0889717
134	-7.59701	0.0162368	9.21408	0.0886234
135	-7.59587	0.0161563	9.22028	0.0881833
136	-7.59488	0.0160679	9.22582	0.0877089
137	-7.59369	0.0159948	9.23252	0.0873243
138	-7.5921	0.0159578	9.24126	0.0871272
139	-7.59068	0.0159061	9.24905	0.0868484
140	-7.58851	0.0159404	9.26095	0.0870389
141	-7.58674	0.015925	9.27065	0.0869612
142	-7.58525	0.0158826	9.27877	0.0867269
143	-7.58399	0.0158213	9.28551	0.086382
144	-7.58283	0.0157539	9.29171	0.0860043
145	-7.58184	0.0156762	9.29675	0.0855584
146	-7.58088	0.0155982	9.30181	0.0851222
147	-7.57994	0.0155206	9.3072	0.0847135
148	-7.57909	0.0154389	9.31181	0.0842662
149	-7.57827	0.015357	9.31628	0.0838193
150	-7.5772	0.0152918	9.322	0.0834558
151	-7.57617	0.0152255	9.32747	0.0830818
152	-7.57475	0.0151913	9.33503	0.0828786
153	-7.57364	0.0151319	9.34092	0.0825461
154	-7.57288	0.0150529	9.34504	0.0821127
155	-7.57261	0.0149583	9.34632	0.081593
156	-7.57199	0.0148749	9.34932	0.0811249
157	-7.57144	0.0147905	9.35217	0.0806582
158	-7.57108	0.0147012	9.35403	0.0801691
159	-7.57055	0.0146185	9.35677	0.079712
160	-7.5701	0.014534	9.35907	0.0792469
161	-7.56946	0.0144577	9.36237	0.0788231
162	-7.56935	0.0143689	9.36297	0.0783389
163	-7.56873	0.0142941	9.36622	0.0779256
164	-7.56803	0.014224	9.36974	0.0775302
165	-7.56729	0.0141571	9.37375	0.0771638
166	-7.56691	0.0140768	9.37565	0.0767224
167	-7.56674	0.0139936	9.37656	0.0762684
168	-7.56642	0.0139139	9.3783	0.0758343
169	-7.56614	0.0138344	9.3798	0.0754003
170	-7.56546	0.0137698	9.3835	0.0750476
171	-7.56512	0.0136935	9.38538	0.0746322
172	-7.56486	0.0136163	9.38683	0.0742124
173	-7.56456	0.0135409	9.3884	0.0738
174	-7.56438	0.0134643	9.38941	0.0733828
175	-7.56421	0.0133884	9.39037	0.0729698
176	-7.56362	0.0133254	9.39364	0.0726281
177	-7.56265	0.0132855	9.39897	0.0724132
178	-7.56178	0.0132391	9.40388	0.0721727
179	-7.56056	0.0132211	9.41039	0.0720622
180	-7.55943	0.013196	9.41648	0.0719193
181	-7.55884	0.0131363	9.41959	0.0715891
182	-7.55847	0.0130695	9.42144	0.0712197
183	-7.55801	0.0130061	9.42364	0.0708643
184	-7.55802	0.0129355	9.42336	0.0704797
185	-7.55763	0.0128714	9.42511	0.0701204
186	-7.55724	0.0128082	9.4269	0.0697663
187	-7.55708	0.0127406	9.4276	0.0693967
188	-7.55667	0.0126794	9.4299	0.0690656
189	-7.55598	0.0126312	9.43384	0.0688126
190	-7.55514	0.0125928	9.4387	0.068622
191	-7.55476	0.0125324	9.44093	0.068299
192	-7.55434	0.0124742	9.44322	0.0679817
193	-7.55406	0.0124127	9.4446	0.0676434
194	-7.55428	0.0123505	9.44335	0.0673064
195	-7.55394	0.0122917	9.44535	0.0669911
196	-7.55359	0.0122339	9.44741	0.066681
197	-7.55357	0.0121718	9.44766	0.0663429
198	-7.55407	0.0121206	9.44515	0.0660552
199	-7.55393	0.0120605	9.44606	0.0657295
200	-7.55407	0.0120009	9.44552	0.0654031
201	-7.55454	0.0119504	9.44301	0.0651259
202	-7.5551	0.0119044	9.44003	0.0648714
203	-7.55539	0.0118493	9.43847	0.0645706
204	-7.55541	0.0117913	9.43838	0.0642541
205	-7.55551	0.0117341	9.43803	0.0639416
206	-7.55544	0.0116774	9.43844	0.0636326
207	-7.55552	0.0116212	9.43796	0.063327
208	-7.55548	0.0115654	9.43811	0.0630227
209	-7.55508	0.011517	9.44016	0.0627546
210	-7.55476	0.0114668	9.44179	0.0624767
211	-7.5544	0.0114178	9.44351	0.0622044
212	-7.55405	0.0113695	9.44516	0.0619327
213	-7.55328	0.0113419	9.44902	0.0617626
214	-7.55273	0.0113022	9.45193	0.0615421
215	-7.55258	0.0112507	9.45266	0.0612603
216	-7.55222	0.0112043	9.45452	0.0610049
217	-7.55209	0.0111535	9.45532	0.0607291
218	-7.55198	0.0111028	9.4561	0.0604555
219	-7.55192	0.0110523	9.45652	0.0601809
220	-7.55174	0.0110035	9.4575	0.0599152
221	-7.55144	0.0109579	9.45942	0.0596749
222	-7.5515	0.0109088	9.45937	0.0594061
223	-7.55163	0.0108606	9.45899	0.0591409
224	-7.55149	0.010813	9.46007	0.0588866
225	-7.55169	0.0107668	9.45915	0.058632
226	-7.55183	0.0107202	9.45845	0.0583767
227	-7.55207	0.0106755	9.4572	0.0581329
228	-7.55203	0.0106287	9.45745	0.0578785
229	-7.55213	0.0105828	9.45672	0.0576303
230	-7.55232	0.0105385	9.45553	0.0573921
231	-7.55235	0.0104929	9.45532	0.057144
232	-7.55266	0.0104522	9.45359	0.0569236
233	-7.55287	0.0104095	9.45241	0.0566917
234	-7.55326	0.0103724	9.45023	0.0564912
235	-7.55368	0.0103366	9.44799	0.0562951
236	-7.55419	0.0103055	9.4453	0.0561208
237	-7.55485	0.0102829	9.44166	0.0560019
238	-7.55531	0.0102501	9.43911	0.0558247
239	-7.55555	0.0102099	9.43769	0.0556091
240	-7.55566	0.010168	9.43701	0.0553816
241	-7.55599	0.0101311	9.43523	0.0551806
242	-7.55608	0.0100897	9.43464	0.0549557
243	-7.55597	0.0100489	9.43525	0.0547329
244	-7.55579	0.0100092	9.43629	0.0545184
245	-7.55579	0.00996834	9.43622	0.0542959
246	-7.55617	0.00993497	9.43415	0.0541148
247	-7.55631	0.00989574	9.43342	0.0539007
248	-7.55655	0.00985869	9.4321	0.0536993
249	-7.55652	0.00981913	9.43232	0.0534841
250	-7.5566	0.00978014	9.43212	0.0532705
251	-7.55677	0.00974272	9.43136	0.0530636
252	-7.55706	0.00970819	9.43003	0.0528698
253	-7.55729	0.00967252	9.42897	0.0526714
254	-7.55725	0.00963451	9.42928	0.052465
255	-7.55721	0.00959682	9.42969	0.0522608
256	-7.55715	0.00955948	9.43	0.0520576
257	-7.5571	0.00952246	9.43037	0.0518564
258	-7.55686	0.00948857	9.43171	0.0516726
259	-7.55663	0.00945456	9.43296	0.0514883
260	-7.5565	0.00941912	9.43379	0.0512969
261	-7.55637	0.00938396	9.43458	0.0511064
262	-7.55621	0.00934956	9.43569	0.0509235
263	-7.55618	0.00931404	9.43589	0.0507302
264	-7.55579	0.00928697	9.43829	0.0505949
265	-7.55539	0.00926071	9.44068	0.0504599
266	-7.55488	0.00923987	9.44363	0.0503565
267	-7.5543	0.00922314	9.44682	0.0502687
268	-7.55351	0.00922289	9.45145	0.0502943
269	-7.55299	0.00920327	9.45456	0.0502032
270	-7.5528	0.00917104	9.45575	0.0500315
271	-7.55258	0.00913999	9.45721	0.0498682
272	-7.55236	0.00910899	9.45861	0.0497045
273	-7.55223	0.00907661	9.45922	0.0495262
274	-7.55232	0.00904392	9.45875	0.0493477
275	-7.55248	0.00901245	9.45791	0.0491754
276	-7.55241	0.00898005	9.45825	0.0489984
277	-7.55236	0.00894777	9.45846	0.0488219
278	-7.5523	0.00891575	9.45879	0.0486474
279	-7.5526	0.0088887	9.45714	0.0485009
280	-7.55268	0.00885734	9.45677	0.0483291
281	-7.55279	0.00882652	9.45621	0.0481603
282	-7.5526	0.0087973	9.4573	0.0480018
283	-7.55238	0.00876904	9.45853	0.0478478
284	-7.55236	0.00873819	9.45872	0.0476797
285	-7.55235	0.00870753	9.45882	0.0475125
286	-7.55248	0.00867798	9.45816	0.0473511
287	-7.55235	0.00864866	9.45885	0.0471911
288	-7.55253	0.00862042	9.45786	0.0470377
289	-7.55226	0.00859462	9.45942	0.0469008
290	-7.5521	0.00856661	9.46041	0.0467497
291	-7.55187	0.00854016	9.46177	0.0466089
292	-7.5518	0.00851119	9.46233	0.0464526
293	-7.55181	0.00848215	9.46243	0.0462942
294	-7.55162	0.00845552	9.46361	0.0461519
295	-7.5514	0.00842953	9.46498	0.0460158
296	-7.55116	0.00840453	9.46634	0.0458803
297	-7.55101	0.00837769	9.46717	0.0457334
298	-7.55098	0.00834961	9.4674	0.0455805
299	-7.55107	0.00832215	9.46696	0.0454301
300	-7.55125	0.00829633	9.4659	0.0452911
301	-7.55131	0.00826903	9.46547	0.0451426
302	-7.55139	0.00824205	9.4649	0.0449968
303	-7.55181	0.00822548	9.46248	0.044913
304	-7.55229	0.00821195	9.4597	0.0448514
305	-7.55261	0.00819131	9.4579	0.0447404
306	-7.55291	0.00817024	9.45625	0.0446247
307	-7.5532	0.00814883	9.45457	0.044511
308	-7.55363	0.00813367	9.45206	0.0444371
309	-7.55377	0.00810848	9.45118	0.0443021
310	-7.55389	0.00808326	9.45038	0.0441663
311	-7.55407	0.00805916	9.44931	0.0440372
312	-7.55419	0.00803422	9.44852	0.0439031
313	-7.55427	0.00800898	9.44807	0.0437652
314	-7.5546	0.00799014	9.44622	0.0436647
315	-7.55514	0.00798305	9.44321	0.0436301
316	-7.55547	0.00796449	9.44146	0.043527
317	-7.55618	0.0079712	9.43762	0.0435592
318	-7.55677	0.00796824	9.43434	0.0435457
319	-7.55726	0.00795821	9.43154	0.0434987
320	-7.55755	0.00793863	9.42992	0.0433929
321	-7.55763	0.00791429	9.42949	0.0432598
322	-7.55772	0.00789017	9.42906	0.0431276
323	-7.55774	0.00786579	9.42894	0.0429942
324	-7.55768	0.00784177	9.42929	0.0428629
325	-7.5577	0.00781766	9.42914	0.0427313
326	-7.55799	0.00779899	9.4275	0.0426319
327	-7.55846	0.00778933	9.42484	0.0425842
328	-7.55879	0.00777279	9.42299	0.0424944
329	-7.55907	0.00775404	9.42152	0.0423909
330	-7.55925	0.00773261	9.42057	0.042273
331	-7.55946	0.0077123	9.41942	0.0421609
332	-7.55966	0.00769151	9.41828	0.0420492
333	-7.55994	0.00767347	9.41667	0.0419539
334	-7.56025	0.00765704	9.41494	0.0418641
335	-7.56065	0.00764431	9.41285	0.0417913
336	-7.56119	0.00764117	9.40988	0.0417721
337	-7.56143	0.0076222	9.40873	0.0416641
338	-7.56158	0.00760099	9.40807	0.041546
339	-7.56164	0.0075788	9.40789	0.0414238
340	-7.56181	0.0075586	9.40696	0.0413124
341	-7.56209	0.00754141	9.40548	0.0412178
342	-7.56239	0.00752526	9.40384	0.0411299
343	-7.56276	0.00751243	9.40179	0.0410609
344	-7.56327	0.00750811	9.399	0.0410366
345	-7.5636	0.00749348	9.39725	0.0409549
346	-7.56391	0.00747826	9.39544	0.0408766
347	-7.5642	0.00746231	9.39377	0.040793
348	-7.56444	0.00744482	9.39234	0.0407008
349	-7.56428	0.00742529	9.39317	0.0405927
350	-7.56413	0.00740545	9.39393	0.0404839
351	-7.56379	0.00739247	9.39584	0.0404135
352	-7.56335	0.00738426	9.39811	0.0403626
353	-7.5629	0.00737695	9.40055	0.0403218
354	-7.56251	0.00736634	9.40264	0.0402622
355	-7.562	0.00736378	9.40546	0.0402469
356	-7.56148	0.00736102	9.40825	0.0402309
357	-7.56132	0.00734213	9.40922	0.0401298
358	-7.56115	0.00732359	9.41018	0.0400291
359	-7.56111	0.0073033	9.41044	0.0399185
360	-7.56123	0.00728396	9.40978	0.0398131
361	-7.56153	0.00727013	9.40798	0.0397435
362	-7.56169	0.0072517	9.40708	0.039644
363	-7.56181	0.0072328	9.40625	0.0395434
364	-7.56193	0.00721383	9.40552	0.0394415
365	-7.56199	0.00719433	9.40502	0.0393366
366	-7.56227	0.00718004	9.40336	0.039264
367	-7.56241	0.00716192	9.40245	0.0391675
368	-7.56241	0.00714246	9.4024	0.0390611
369	-7.5622	0.0071261	9.40351	0.0389709
370	-7.56209	0.00710772	9.40406	0.0388695
371	-7.56184	0.00709283	9.4053	0.0387846
372	-7.56143	0.00708549	9.4075	0.0387427
373	-7.5609	0.00708671	9.41041	0.0387479
374	-7.56035	0.00708903	9.41339	0.0387588
375	-7.56001	0.00707811	9.41519	0.038697
376	-7.55946	0.00708101	9.41819	0.0387104
377	-7.55888	0.00708589	9.42126	0.0387296
378	-7.55847	0.00707863	9.42341	0.0386865
379	-7.55805	0.0070724	9.42572	0.0386532
380	-7.55752	0.00707354	9.42863	0.0386612
381	-7.55707	0.00706926	9.43107	0.0386367
382	-7.5567	0.00706083	9.43306	0.0385867
383	-7.55618	0.00706153	9.43584	0.0385856
384	-7.55586	0.00705004	9.43746	0.0385192
385	-7.55549	0.00704141	9.43938	0.0384669
386	-7.55516	0.00703095	9.44108	0.0384048
387	-7.55495	0.00701588	9.44211	0.0383193
388	-7.55498	0.00699786	9.4418	0.0382218
389	-7.55501	0.00697991	9.44157	0.0381242
390	-7.55487	0.00696342	9.44224	0.0380322
391	-7.55472	0.00694724	9.44297	0.0379421
392	-7.55459	0.00693073	9.44361	0.0378506
393	-7.5545	0.00691372	9.44394	0.0377558
394	-7.55438	0.00689717	9.4445	0.037664
395	-7.5543	0.00688014	9.44486	0.0375704
396	-7.55413	0.00686482	9.44577	0.0374866
397	-7.55413	0.00684753	9.44574	0.0373922
398	-7.55389	0.00683463	9.44718	0.0373258
399	-7.55359	0.00682399	9.44892	0.0372729
400	-7.55334	0.00681163	9.4504	0.0372092
401	-7.55287	0.00681049	9.45309	0.0372132
402	-7.55237	0.00681178	9.45595	0.0372302
403	-7.55192	0.00681019	9.45861	0.0372327
404	-7.55157	0.00680243	9.46063	0.0371955
405	-7.55151	0.00678586	9.46098	0.0371053
406	-7.55139	0.00677018	9.46172	0.0370212
407	-7.55138	0.00675355	9.46171	0.0369303
408	-7.55136	0.00673703	9.46169	0.0368398
409	-7.55143	0.00672095	9.46124	0.0367523
410	-7.5513	0.00670593	9.46195	0.0366695
411	-7.55119	0.00669046	9.4625	0.0365844
412	-7.55093	0.00667952	9.46399	0.0365256
413	-7.55082	0.00666421	9.4646	0.0364424
414	-7.55061	0.00665142	9.46575	0.0363724
415	-7.55049	0.00663652	9.46633	0.0362894
416	-7.55047	0.00662059	9.46636	0.0362021
417	-7.5506	0.006606	9.46554	0.0361246
418	-7.55077	0.00659246	9.46454	0.0360519
419	-7.55088	0.00657766	9.46387	0.0359722
420	-7.55105	0.00656419	9.46291	0.0358993
421	-7.5513	0.00655334	9.46146	0.0358433
422	-7.55155	0.0065425	9.46003	0.035787
423	-7.5516	0.00652725	9.45976	0.0357034
424	-7.55169	0.00651246	9.45929	0.0356224
425	-7.55182	0.00649833	9.45855	0.0355461
426	-7.55182	0.00648308	9.45847	0.0354628
427	-7.55206	0.00647226	9.45716	0.0354042
428	-7.55228	0.00646091	9.45602	0.0353397
429	-7.55245	0.00644793	9.45518	0.0352674
430	-7.5525	0.00643315	9.45487	0.0351868
431	-7.55244	0.00641853	9.45515	0.0351063
432	-7.55243	0.00640368	9.45513	0.0350251
433	-7.55236	0.00638921	9.45542	0.0349454
434	-7.55231	0.00637467	9.4556	0.0348653
435	-7.5522	0.00636111	9.4562	0.0347905
436	-7.5522	0.00634652	9.45617	0.0347107
437	-7.5521	0.00633278	9.45671	0.0346355
438	-7.55229	0.00632128	9.45562	0.0345734
439	-7.55242	0.0063081	9.45488	0.0345026
440	-7.55263	0.00629742	9.45364	0.0344467
441	-7.55288	0.00628785	9.45223	0.0343975
442	-7.55312	0.00627844	9.45075	0.0343515
443	-7.55334	0.00626795	9.44942	0.0342994
444	-7.5534	0.00625411	9.44899	0.0342249
445	-7.55347	0.00624045	9.44852	0.0341512
446	-7.55358	0.00622752	9.44778	0.0340828
447	-7.55363	0.00621381	9.44741	0.0340084
448	-7.55363	0.00619994	9.44733	0.0339326
449	-7.55374	0.00618712	9.4467	0.0338628
450	-7.55388	0.00617485	9.44589	0.0337975
451	-7.55394	0.00616145	9.44549	0.0337248
452	-7.55392	0.00614785	9.44555	0.0336503
453	-7.55381	0.00613532	9.44608	0.0335802
454	-7.55374	0.00612217	9.44632	0.0335071
455	-7.55357	0.00611108	9.44719	0.0334447
456	-7.55346	0.00609873	9.44774	0.0333758
457	-7.55338	0.00608581	9.44806	0.0333044
458	-7.55326	0.00607372	9.44862	0.0332363
459	-7.55305	0.00606439	9.44966	0.0331801
460	-7.55293	0.0060524	9.4502	0.0331124
461	-7.55288	0.00603941	9.45027	0.0330406
462	-7.55284	0.00602648	9.45042	0.0329694
463	-7.5529	0.00601375	9.45004	0.0329004
464	-7.553	0.00600155	9.44949	0.0328341
465	-7.55292	0.00598914	9.44989	0.0327659
466	-7.55304	0.00597751	9.44925	0.0327019
467	-7.55303	0.00596472	9.44937	0.0326321
468	-7.55308	0.00595214	9.44919	0.0325629
469	-7.55325	0.00594195	9.44826	0.0325067
470	-7.55326	0.00592931	9.44825	0.0324376
471	-7.55312	0.00591834	9.4491	0.0323797
472	-7.55295	0.00590807	9.45008	0.0323261
473	-7.55282	0.00589707	9.45089	0.0322679
474	-7.55265	0.00588696	9.45185	0.0322142
475	-7.55267	0.00587459	9.45177	0.0321465
476	-7.55266	0.00586227	9.45177	0.0320789
477	-7.5527	0.00585017	9.45149	0.0320129
478	-7.55281	0.00583885	9.45088	0.0319518
479	-7.55277	0.00582676	9.45111	0.0318859
480	-7.55277	0.00581462	9.45115	0.0318195
481	-7.55287	0.00580329	9.45065	0.0317573
482	-7.55276	0.00579218	9.45128	0.0316976
483	-7.55277	0.00578019	9.4513	0.0316319
484	-7.55283	0.00576859	9.45098	0.0315681
485	-7.55298	0.0057588	9.4502	0.0315126
486	-7.55322	0.00575176	9.44897	0.0314721
487	-7.55327	0.00574016	9.44872	0.0314084
488	-7.55335	0.00572901	9.44834	0.0313464
489	-7.55342	0.00571766	9.44806	0.0312835
490	-7.55347	0.00570625	9.44784	0.0312205
491	-7.55344	0.00569473	9.44808	0.0311578
492	-7.55339	0.00568338	9.44834	0.0310956
493	-7.55331	0.00567239	9.44878	0.0310356
494	-7.55324	0.00566133	9.44916	0.0309751
495	-7.55302	0.00565407	9.45044	0.0309391
496	-7.55278	0.00564764	9.45182	0.0309075
497	-7.5527	0.00563686	9.45237	0.0308501
498	-7.5526	0.00562656	9.45301	0.0307949
499	-7.55234	0.00562097	9.45448	0.0307683
500	-7.55233	0.00560975	9.45462	0.030707
501	-7.5522	0.0056	9.45535	0.0306546
502	-7.55211	0.00558957	9.45587	0.0305979
503	-7.55203	0.00557897	9.45628	0.0305397
504	-7.55199	0.00556803	9.45656	0.0304805
505	-7.55189	0.00555797	9.4572	0.0304268
506	-7.5519	0.00554699	9.45718	0.0303667
507	-7.5518	0.00553683	9.45769	0.0303111
508	-7.55185	0.00552613	9.45744	0.0302526
509	-7.55192	0.00551573	9.45705	0.0301956
510	-7.55197	0.00550509	9.45681	0.0301373
511	-7.55198	0.00549434	9.45675	0.0300784
512	-7.55183	0.00548562	9.45761	0.0300319
513	-7.55188	0.00547516	9.45728	0.0299752
514	-7.55189	0.00546452	9.45723	0.0299169
515	-7.55191	0.00545394	9.45721	0.0298588
516	-7.55184	0.00544386	9.45766	0.0298044
517	-7.5517	0.00543522	9.45853	0.0297593
518	-7.55165	0.00542497	9.45893	0.0297045
519	-7.5515	0.00541663	9.45989	0.0296628
520	-7.55127	0.00541105	9.46119	0.0296345
521	-7.55111	0.00540288	9.46206	0.0295904
522	-7.5509	0.00539684	9.4634	0.0295641
523	-7.55072	0.00538935	9.46449	0.0295276
524	-7.55058	0.00538079	9.4653	0.0294823
525	-7.55049	0.00537132	9.46593	0.0294328
526	-7.55041	0.0053618	9.46656	0.0293837
527	-7.55026	0.00535357	9.46748	0.0293423
528	-7.55022	0.00534358	9.46779	0.0292884
529	-7.55028	0.00533376	9.46758	0.0292337
530	-7.55026	0.00532371	9.46777	0.0291792
531	-7.55019	0.00531416	9.46821	0.0291275
532	-7.55013	0.00530457	9.46867	0.0290765
533	-7.5501	0.00529468	9.46889	0.0290227
534	-7.55005	0.00528506	9.46931	0.0289714
535	-7.54998	0.00527557	9.46975	0.0289206
536	-7.54996	0.0052658	9.46999	0.0288676
537	-7.5499	0.00525633	9.4704	0.0288168
538	-7.54975	0.0052486	9.47124	0.0287754
539	-7.5497	0.00523915	9.47164	0.0287248
540	-7.54955	0.00523147	9.47251	0.0286847
541	-7.54943	0.00522316	9.47329	0.0286424
542	-7.54944	0.00521353	9.47339	0.0285898
543	-7.54944	0.00520393	9.47346	0.0285372
544	-7.54943	0.00519438	9.47356	0.0284849
545	-7.54944	0.00518486	9.47353	0.0284327
546	-7.54949	0.00517562	9.47329	0.0283817
547	-7.54961	0.00516757	9.47269	0.028336
548	-7.54976	0.00516019	9.47198	0.0282933
549	-7.54981	0.00515105	9.47174	0.0282428
550	-7.54989	0.00514223	9.47135	0.0281941
551	-7.55	0.00513416	9.47078	0.0281486
552	-7.55017	0.00512755	9.46991	0.0281111
553	-7.55039	0.005123	9.46878	0.0280832
554	-7.55068	0.0051221	9.46718	0.0280778
555	-7.55075	0.00511335	9.46685	0.0280291
556	-7.55074	0.00510417	9.46699	0.0279791
557	-7.55078	0.00509517	9.46675	0.0279298
558	-7.5509	0.00508736	9.46616	0.0278861
559	-7.55105	0.0050805	9.46542	0.0278461
560	-7.55124	0.00507506	9.46441	0.0278144
561	-7.5514	0.00506846	9.46364	0.0277757
562	-7.55163	0.0050647	9.46244	0.0277523
563	-7.55181	0.00505902	9.46154	0.0277174
564	-7.55201	0.00505383	9.4605	0.0276877
565	-7.55217	0.00504758	9.45964	0.0276521
566	-7.55246	0.00504671	9.45811	0.0276456
567	-7.55262	0.0050405	9.45726	0.0276098
568	-7.55287	0.00503761	9.45598	0.0275908
569	-7.55308	0.00503328	9.45484	0.027566
570	-7.55335	0.00503147	9.45342	0.0275543
571	-7.55352	0.00502577	9.45247	0.0275223
572	-7.55365	0.00501868	9.45175	0.0274837
573	-7.5537	0.00501011	9.45153	0.0274366
574	-7.55373	0.00500146	9.45142	0.027389
575	-7.55377	0.00499293	9.45123	0.027342
576	-7.55373	0.00498441	9.45148	0.0272957
577	-7.5537	0.00497586	9.45164	0.0272489
578	-7.55375	0.00496758	9.45131	0.0272038
579	-7.55383	0.00495961	9.45086	0.0271605
580	-7.55386	0.00495112	9.45067	0.0271143
581	-7.5539	0.00494275	9.4504	0.0270691
582	-7.55393	0.00493439	9.45015	0.0270237
583	-7.5541	0.00492874	9.44917	0.0269949
584	-7.55418	0.00492102	9.44866	0.0269535
585	-7.5543	0.00491408	9.44793	0.0269173
586	-7.55437	0.00490611	9.44754	0.0268743
587	-7.55437	0.00489775	9.44748	0.0268286
588	-7.5543	0.00488987	9.44783	0.0267852
589	-7.55438	0.00488232	9.44732	0.0267446
590	-7.55449	0.00487511	9.4467	0.0267064
591	-7.55449	0.00486686	9.44666	0.0266613
592	-7.55436	0.00486049	9.44733	0.0266247
593	-7.55425	0.00485341	9.44782	0.0265844
594	-7.55432	0.0048457	9.44741	0.0265429
595	-7.55427	0.00483777	9.44765	0.0264994
596	-7.55418	0.00483057	9.44817	0.0264601
597	-7.55409	0.00482335	9.44868	0.0264205
598	-7.55401	0.00481598	9.4491	0.0263797
599	-7.55395	0.00480827	9.44939	0.0263373
600	-7.55387	0.00480088	9.44979	0.0262965
601	-7.55385	0.00479293	9.44989	0.0262529
602	-7.55389	0.00478513	9.44963	0.0262106
603	-7.55392	0.0047773	9.44944	0.0261678
604	-7.55394	0.00476942	9.44933	0.0261247
605	-7.55399	0.00476176	9.44909	0.0260826
606	-7.55403	0.00475414	9.4489	0.0260402
607	-7.5541	0.00474683	9.4486	0.0259991
608	-7.55414	0.00473918	9.44848	0.0259566
609	-7.55411	0.00473148	9.44876	0.0259155
610	-7.55427	0.00472644	9.44793	0.0258864
611	-7.55431	0.00471881	9.44781	0.0258443
612	-7.55432	0.00471111	9.44776	0.0258022
613	-7.55431	0.00470344	9.44783	0.0257602
614	-7.55424	0.00469624	9.44822	0.0257212
615	-7.55427	0.00468869	9.44813	0.0256795
616	-7.55417	0.00468213	9.44877	0.0256459
617	-7.55408	0.00467545	9.44936	0.025611
618	-7.55404	0.00466807	9.44963	0.0255711
619	-7.55398	0.0046609	9.44996	0.0255319
620	-7.55412	0.00465555	9.4492	0.0255023
621	-7.55428	0.00465088	9.44833	0.0254759
622	-7.5545	0.0046484	9.44716	0.0254616
623	-7.55462	0.00464245	9.44644	0.0254311
624	-7.5548	0.00463855	9.44536	0.0254133
625	-7.55503	0.00463698	9.44405	0.0254062
626	-7.55524	0.00463446	9.44288	0.0253926
627	-7.55538	0.00462913	9.44206	0.0253652
628	-7.55551	0.00462348	9.44135	0.0253349
629	-7.55555	0.00461634	9.44107	0.0252961
630	-7.55557	0.00460907	9.44087	0.0252568
631	-7.55566	0.00460249	9.44039	0.0252213
632	-7.55573	0.00459582	9.43992	0.0251859
633	-7.55583	0.00458965	9.43928	0.0251542
634	-7.55588	0.00458263	9.43899	0.0251162
635	-7.55594	0.00457587	9.43859	0.0250797
636	-7.55601	0.00456917	9.4382	0.0250434
637	-7.55601	0.004562	9.43814	0.0250041
638	-7.55617	0.00455762	9.43724	0.0249813
639	-7.55629	0.00455207	9.43659	0.0249507
640	-7.55642	0.00454667	9.43592	0.0249206
641	-7.55662	0.00454387	9.43485	0.0249048
642	-7.55688	0.00454435	9.4334	0.0249081
643	-7.55703	0.0045398	9.43254	0.0248841
644	-7.5572	0.00453605	9.43155	0.0248655
645	-7.55726	0.00452934	9.43122	0.024829
646	-7.55717	0.00452311	9.43166	0.0247945
647	-7.55706	0.00451738	9.43227	0.0247635
648	-7.55697	0.00451132	9.43281	0.0247313
649	-7.55693	0.00450454	9.43304	0.0246942
650	-7.55696	0.00449767	9.43293	0.0246565
651	-7.5569	0.00449113	9.43323	0.0246204
652	-7.55689	0.00448425	9.43328	0.0245827
653	-7.55691	0.00447744	9.43319	0.0245453
654	-7.55698	0.00447122	9.43277	0.0245114
655	-7.55703	0.00446467	9.43253	0.0244751
656	-7.55706	0.00445796	9.4324	0.0244382
657	-7.55716	0.00445213	9.43189	0.0244062
658	-7.55716	0.00444537	9.43185	0.0243691
659	-7.55722	0.00443902	9.43154	0.0243342
660	-7.55728	0.00443267	9.43118	0.0243
661	-7.55737	0.00442685	9.43064	0.0242691
662	-7.55741	0.00442036	9.43038	0.0242339
663	-7.55743	0.00441374	9.43021	0.024198
664	-7.55744	0.00440712	9.43006	0.024162
665	-7.55741	0.00440065	9.43021	0.0241261
666	-7.55751	0.00439531	9.42954	0.0240991
667	-7.55762	0.00439013	9.42883	0.0240734
668	-7.55766	0.0043837	9.42853	0.0240393
669	-7.55776	0.00437827	9.4279	0.0240115
670	-7.55786	0.00437301	9.42721	0.0239855
671	-7.55791	0.00436674	9.42687	0.0239522
672	-7.55798	0.00436083	9.42642	0.0239209
673	-7.55808	0.00435537	9.42588	0.0238913
674	-7.55799	0.00434966	9.42628	0.0238592
675	-7.55793	0.00434367	9.42658	0.0238257
676	-7.5578	0.00433917	9.42722	0.0237992
677	-7.55753	0.00434114	9.42861	0.0238047
678	-7.55735	0.00433873	9.42959	0.0237896
679	-7.55721	0.00433443	9.43032	0.0237658
680	-7.55713	0.00432875	9.43073	0.0237343
681	-7.55698	0.00432508	9.43156	0.023714
682	-7.55693	0.00431904	9.43185	0.0236811
683	-7.55685	0.00431352	9.43234	0.0236513
684	-7.55675	0.00430826	9.43284	0.0236221
685	-7.55667	0.00430269	9.43324	0.023591
686	-7.55666	0.00429645	9.43331	0.0235567
687	-7.55667	0.0042902	9.43325	0.0235225
688	-7.55682	0.00428681	9.43236	0.023505
689	-7.55704	0.00428631	9.43111	0.0235044
690	-7.55719	0.00428244	9.43029	0.0234844
691	-7.55728	0.00427738	9.42972	0.0234575
692	-7.55744	0.00427404	9.42885	0.0234395
693	-7.55752	0.00426861	9.4283	0.0234121
694	-7.55766	0.00426477	9.42741	0.0233954
695	-7.55781	0.00426144	9.42647	0.0233806
696	-7.55797	0.00425798	9.42559	0.0233637
697	-7.55817	0.00425661	9.42443	0.0233589
698	-7.5584	0.00425712	9.42309	0.0233639
699	-7.55857	0.00425409	9.42217	0.0233484
700	-7.55875	0.00425202	9.42113	0.0233382
701	-7.55888	0.00424807	9.42037	0.0233174
702	-7.5589	0.00424206	9.42026	0.0232845
703	-7.55882	0.00423672	9.42068	0.0232551
704	-7.55875	0.00423127	9.42108	0.0232255
705	-7.55872	0.00422545	9.42138	0.0231945
706	-7.55867	0.00421973	9.4217	0.0231638
707	-7.55843	0.00422039	9.4231	0.0231733
708	-7.55824	0.00421898	9.42422	0.0231679
709	-7.55822	0.00421305	9.42432	0.0231355
710	-7.55813	0.00420805	9.42491	0.0231103
711	-7.55811	0.00420222	9.42513	0.0230788
712	-7.55819	0.00419713	9.42475	0.0230496
713	-7.55834	0.00419378	9.42399	0.0230297
714	-7.55843	0.00418906	9.4235	0.0230026
715	-7.55854	0.00418453	9.42294	0.0229773
716	-7.5586	0.00417916	9.42264	0.0229472
717	-7.55876	0.00417622	9.42183	0.0229293
718	-7.55896	0.00417533	9.4208	0.0229207
719	-7.55927	0.00418088	9.41911	0.0229509
720	-7.55949	0.00418076	9.41794	0.0229486
721	-7.55968	0.0041795	9.41693	0.0229389
722	-7.55979	0.00417499	9.41645	0.0229123
723	-7.55988	0.00417036	9.416	0.0228851
724	-7.56011	0.00417053	9.41483	0.022883
725	-7.56025	0.00416741	9.41407	0.0228643
726	-7.56034	0.00416261	9.41364	0.0228368
727	-7.5604	0.00415731	9.41335	0.0228072
728	-7.56032	0.00415234	9.41383	0.0227809
729	-7.56023	0.0041478	9.41444	0.022758
730	-7.56016	0.00414264	9.41487	0.0227309
731	-7.56009	0.00413751	9.41524	0.0227028
732	-7.55996	0.00413395	9.41597	0.0226833
733	-7.55984	0.00413006	9.41662	0.0226618
734	-7.55958	0.00413291	9.41807	0.0226774
735	-7.55946	0.00412886	9.41871	0.0226554
736	-7.55942	0.0041235	9.41899	0.0226264
737	-7.55929	0.00411973	9.41971	0.0226073
738	-7.5592	0.00411519	9.42026	0.0225832
739	-7.55918	0.00410969	9.42041	0.0225531
740	-7.55921	0.00410424	9.42026	0.0225231
741	-7.55924	0.00409882	9.42009	0.0224934
742	-7.5593	0.00409371	9.41974	0.0224658
743	-7.55936	0.00408879	9.41938	0.0224385
744	-7.55945	0.00408409	9.41895	0.0224124
745	-7.55955	0.00407982	9.4184	0.0223889
746	-7.55966	0.00407608	9.41776	0.0223683
747	-7.55979	0.0040727	9.41704	0.0223498
748	-7.55987	0.00406797	9.41667	0.0223229
749	-7.55983	0.00406277	9.41698	0.0222952
750	-7.55976	0.00405798	9.41747	0.0222708
751	-7.55973	0.00405267	9.41762	0.0222417
752	-7.55956	0.00405066	9.41855	0.0222316
753	-7.55939	0.004049	9.41947	0.0222212
754	-7.55923	0.00404688	9.42034	0.0222086
755	-7.55905	0.00404566	9.42133	0.0222014
756	-7.55896	0.00404116	9.42176	0.0221762
757	-7.55885	0.00403746	9.4224	0.022156
758	-7.55871	0.00403438	9.42315	0.0221395
759	-7.55845	0.0040376	9.42457	0.0221558
760	-7.55819	0.00404077	9.42597	0.022171
761	-7.55803	0.00403841	9.4268	0.0221573
762	-7.5579	0.00403532	9.42748	0.0221387
763	-7.55782	0.00403091	9.42791	0.0221138
764	-7.55769	0.00402758	9.42857	0.0220946
765	-7.55758	0.00402389	9.42922	0.0220752
766	-7.55742	0.00402174	9.43004	0.0220617
767	-7.55735	0.00401708	9.43038	0.0220356
768	-7.55725	0.0040131	9.4309	0.022013
769	-7.55716	0.00400882	9.43138	0.0219896
770	-7.55691	0.00401151	9.43278	0.0220056
771	-7.55671	0.00401139	9.43386	0.0220035
772	-7.55644	0.00401536	9.43531	0.0220228
773	-7.55617	0.00401914	9.43678	0.0220434
774	-7.55591	0.00402241	9.43823	0.0220623
775	-7.55572	0.00402162	9.43922	0.0220564
776	-7.55563	0.00401752	9.43972	0.0220336
777	-7.55549	0.0040146	9.44049	0.0220188
778	-7.55539	0.00401071	9.44101	0.0219965
779	-7.5554	0.00400557	9.44091	0.0219684
780	-7.5554	0.00400044	9.4409	0.0219403
781	-7.55531	0.0039963	9.44134	0.0219167
782	-7.5553	0.0039912	9.44136	0.0218886
783	-7.55526	0.00398633	9.4416	0.021862
784	-7.55515	0.00398281	9.44222	0.0218429
785	-7.55507	0.00397855	9.44263	0.0218188
786	-7.55503	0.00397363	9.44279	0.0217917
787	-7.55501	0.00396868	9.44289	0.0217642
788	-7.55495	0.0039641	9.44314	0.021738
789	-7.55492	0.00395913	9.44318	0.0217105
790	-7.55495	0.0039542	9.44298	0.0216839
791	-7.55512	0.0039527	9.44202	0.021678
792	-7.55517	0.00394811	9.44167	0.0216535
793	-7.55522	0.0039434	9.44136	0.0216283
794	-7.55516	0.00393884	9.4417	0.0216038
795	-7.55512	0.00393416	9.44197	0.0215783
796	-7.55509	0.00392929	9.44213	0.0215518
797	-7.55504	0.00392472	9.44242	0.0215267
798	-7.55498	0.00392027	9.44275	0.0215022
799	-7.55496	0.0039154	9.44283	0.0214755
800	-7.5551	0.00391293	9.44207	0.0214618
801	-7.55511	0.00390807	9.44192	0.0214355
802	-7.55512	0.0039032	9.44185	0.0214089
803	-7.55512	0.00389834	9.44185	0.0213823
804	-7.55505	0.0038941	9.44221	0.0213587
805	-7.55498	0.00388997	9.44258	0.0213353
806	-7.55497	0.00388516	9.44256	0.0213089
807	-7.55501	0.00388061	9.44228	0.0212843
808	-7.55491	0.00387711	9.44282	0.0212649
809	-7.55481	0.00387369	9.44341	0.0212467
810	-7.55462	0.00387356	9.4444	0.0212435
811	-7.5544	0.00387465	9.44553	0.0212476
812	-7.55421	0.00387468	9.4466	0.0212485
813	-7.55394	0.00387909	9.44808	0.0212734
814	-7.55381	0.00387659	9.44879	0.0212592
815	-7.55374	0.00387245	9.44917	0.0212364
816	-7.55365	0.00386883	9.44965	0.021216
817	-7.55352	0.00386615	9.45033	0.021201
818	-7.55341	0.00386296	9.45093	0.0211833
819	-7.55329	0.00386016	9.45157	0.0211673
820	-7.55324	0.00385587	9.45189	0.0211438
821	-7.55317	0.00385178	9.4523	0.0211221
822	-7.55319	0.00384716	9.45221	0.0210966
823	-7.55317	0.00384252	9.45232	0.0210712
824	-7.55316	0.00383787	9.45239	0.0210458
825	-7.55313	0.00383337	9.45259	0.0210213
826	-7.5532	0.00382943	9.45214	0.0210006
827	-7.55329	0.00382587	9.45157	0.020983
828	-7.55337	0.00382212	9.45111	0.0209626
829	-7.55345	0.00381824	9.45068	0.0209417
830	-7.55352	0.00381437	9.45029	0.0209202
831	-7.5536	0.00381058	9.44986	0.0208994
832	-7.55365	0.00380625	9.44962	0.0208757
833	-7.55373	0.00380268	9.44912	0.0208565
834	-7.55384	0.00379967	9.44853	0.02084
835	-7.55396	0.003797	9.44785	0.0208259
836	-7.55393	0.00379255	9.44797	0.0208013
837	-7.55396	0.0037881	9.44783	0.020777
838	-7.55396	0.00378358	9.44786	0.0207522
839	-7.554	0.00377931	9.44766	0.0207285
840	-7.55402	0.00377487	9.44756	0.020704
841	-7.5541	0.0037711	9.44718	0.0206828
842	-7.55419	0.0037677	9.44667	0.0206647
843	-7.55429	0.00376474	9.44605	0.0206493
844	-7.55429	0.00376028	9.44609	0.0206249
845	-7.55425	0.00375598	9.44627	0.0206012
846	-7.55423	0.0037516	9.44641	0.0205773
847	-7.55425	0.00374724	9.44627	0.0205535
848	-7.55429	0.00374301	9.44605	0.0205305
849	-7.55416	0.00374105	9.44676	0.0205186
850	-7.55403	0.00373891	9.44742	0.0205052
851	-7.55397	0.00373499	9.44772	0.0204832
852	-7.55384	0.00373267	9.4484	0.0204705
853	-7.55368	0.00373179	9.44931	0.0204668
854	-7.55348	0.00373285	9.45044	0.0204737
855	-7.5533	0.0037326	9.45141	0.0204728
856	-7.5531	0.00373384	9.45252	0.0204793
857	-7.55295	0.0037325	9.45332	0.020471
858	-7.55281	0.00373064	9.45408	0.020461
859	-7.5528	0.00372633	9.45417	0.0204374
860	-7.5528	0.003722	9.45417	0.0204136
861	-7.55284	0.00371789	9.45393	0.0203913
862	-7.55286	0.00371366	9.45381	0.020368
863	-7.55289	0.00370944	9.45364	0.0203451
864	-7.55292	0.00370529	9.45345	0.0203225
865	-7.55287	0.00370133	9.45368	0.0203003
866	-7.55287	0.00369705	9.45363	0.0202769
867	-7.55294	0.00369341	9.45325	0.020257
868	-7.55303	0.00369026	9.45276	0.0202396
869	-7.55318	0.00368899	9.45193	0.0202334
870	-7.55324	0.0036852	9.45163	0.0202122
871	-7.55328	0.00368118	9.45141	0.0201903
872	-7.55338	0.00367846	9.45079	0.0201765
873	-7.55343	0.00367452	9.45052	0.0201552
874	-7.5536	0.00367426	9.44955	0.0201558
875	-7.55367	0.00367072	9.44918	0.0201361
876	-7.55379	0.00366855	9.44853	0.0201235
877	-7.55383	0.00366463	9.44837	0.0201012
878	-7.55381	0.00366055	9.44861	0.0200797
879	-7.55375	0.00365683	9.44897	0.0200602
880	-7.55365	0.00365403	9.44959	0.0200471
881	-7.55353	0.00365196	9.45035	0.0200385
882	-7.55342	0.0036493	9.45099	0.020026
883	-7.55329	0.00364774	9.45181	0.0200203
884	-7.55309	0.00364879	9.45287	0.0200254
885	-7.5529	0.00364955	9.45387	0.020028
886	-7.55275	0.00364855	9.45468	0.0200216
887	-7.55246	0.00365579	9.45626	0.0200617
888	-7.55222	0.00365993	9.45766	0.0200874
889	-7.55197	0.00366414	9.45904	0.0201121
890	-7.55184	0.0036623	9.4598	0.020104
891	-7.55168	0.00366159	9.46073	0.0201031
892	-7.55158	0.00365885	9.46133	0.0200894
893	-7.55138	0.0036603	9.46247	0.0200991
894	-7.55125	0.00365875	9.46325	0.0200918
895	-7.55113	0.00365643	9.46391	0.0200803
896	-7.55105	0.00365331	9.46441	0.0200642
897	-7.5509	0.00365214	9.46525	0.0200591
898	-7.55082	0.00364898	9.46569	0.0200418
899	-7.55071	0.00364656	9.46629	0.0200282
900	-7.55073	0.00364255	9.46617	0.0200063
901	-7.55075	0.00363856	9.46602	0.0199847
902	-7.55078	0.00363462	9.46583	0.0199634
903	-7.55076	0.00363065	9.46588	0.0199413
904	-7.55076	0.00362663	9.46584	0.0199193
905	-7.55074	0.00362267	9.4659	0.0198974
906	-7.55072	0.00361873	9.46601	0.0198757
907	-7.55066	0.00361523	9.4663	0.019856
908	-7.55062	0.00361149	9.46648	0.0198349
909	-7.55051	0.00360916	9.4671	0.0198226
910	-7.55042	0.0036062	9.46758	0.0198066
911	-7.55041	0.00360225	9.46764	0.019785
912	-7.55037	0.00359856	9.46785	0.0197644
913	-7.55041	0.00359488	9.46754	0.0197452
914	-7.55042	0.00359096	9.46742	0.019724
915	-7.55032	0.0035885	9.46794	0.0197092
916	-7.55026	0.00358518	9.46827	0.0196905
917	-7.55024	0.00358131	9.46832	0.0196691
918	-7.55023	0.00357742	9.46831	0.0196476
919	-7.55031	0.00357432	9.46789	0.0196308
920	-7.55034	0.00357059	9.46771	0.0196103
921	-7.55037	0.00356688	9.46756	0.0195896
922	-7.55031	0.00356359	9.46793	0.0195718
923	-7.55029	0.0035598	9.46803	0.0195508
924	-7.55035	0.00355649	9.46766	0.0195332
925	-7.5503	0.00355297	9.46791	0.0195137
926	-7.55017	0.00355144	9.46857	0.0195038
927	-7.55011	0.00354823	9.46892	0.019486
928	-7.55005	0.0035448	9.4692	0.019467
929	-7.55004	0.003541	9.46923	0.019446
930	-7.54998	0.00353769	9.46955	0.0194277
931	-7.54998	0.0035339	9.46954	0.0194069
932	-7.55006	0.00353092	9.46914	0.0193903
933	-7.55012	0.00352768	9.46879	0.0193726
934	-7.55022	0.00352533	9.46821	0.0193605
935	-7.55027	0.00352187	9.46794	0.0193417
936	-7.55033	0.00351858	9.46763	0.0193235
937	-7.5503	0.00351491	9.46779	0.0193035
938	-7.55018	0.00351339	9.46844	0.0192941
939	-7.55008	0.00351103	9.46898	0.019281
940	-7.55003	0.0035077	9.46922	0.019262
941	-7.54996	0.00350461	9.46959	0.019245
942	-7.54984	0.00350301	9.47027	0.0192368
943	-7.54974	0.00350054	9.47081	0.0192239
944	-7.54959	0.00350029	9.47169	0.0192235
945	-7.54948	0.00349827	9.47231	0.0192133
946	-7.54938	0.00349604	9.47293	0.0192028
947	-7.54933	0.00349267	9.47324	0.0191851
948	-7.54927	0.0034895	9.47364	0.019169
949	-7.54926	0.00348584	9.4737	0.0191489
950	-7.54923	0.00348232	9.4739	0.0191298
951	-7.54924	0.00347867	9.47387	0.0191097
952	-7.54925	0.00347506	9.4738	0.0190897
953	-7.54931	0.00347189	9.4735	0.0190721
954	-7.54935	0.00346852	9.47328	0.0190534
955	-7.54937	0.00346493	9.47321	0.0190336
956	-7.54937	0.00346131	9.47325	0.0190137
957	-7.54941	0.0034579	9.47308	0.0189946
958	-7.54933	0.00345511	9.47356	0.0189808
959	-7.5493	0.00345164	9.47379	0.0189625
960	-7.54938	0.00344884	9.47341	0.0189466
961	-7.5494	0.00344534	9.47329	0.0189273
962	-7.5495	0.00344316	9.47276	0.018915
963	-7.54963	0.00344209	9.47202	0.0189099
964	-7.54979	0.00344221	9.47113	0.018911
965	-7.54996	0.00344264	9.47021	0.0189141
966	-7.55014	0.00344372	9.46923	0.0189198
967	-7.55034	0.00344639	9.46807	0.0189358
968	-7.55041	0.00344346	9.46772	0.0189194
969	-7.55054	0.00344228	9.46703	0.0189123
970	-7.55071	0.00344293	9.46607	0.0189173
971	-7.55087	0.00344324	9.46514	0.0189208
972	-7.55098	0.00344136	9.46451	0.0189118
973	-7.55112	0.00344087	9.4637	0.0189098
974	-7.55127	0.00344045	9.46288	0.0189078
975	-7.55145	0.00344181	9.46187	0.0189158
976	-7.55161	0.00344191	9.46101	0.0189157
977	-7.55167	0.00343884	9.46072	0.0188986
978	-7.55165	0.00343538	9.46083	0.0188796
979	-7.55165	0.00343187	9.46084	0.0188603
980	-7.55165	0.00342837	9.46085	0.0188411
981	-7.5516	0.00342516	9.46105	0.0188229
982	-7.55154	0.00342214	9.46133	0.0188058
983	-7.55151	0.00341885	9.46152	0.0187876
984	-7.55143	0.00341618	9.46193	0.018773
985	-7.55126	0.00341701	9.46287	0.0187776
986	-7.55113	0.00341608	9.4636	0.0187727
987	-7.55103	0.00341407	9.46416	0.0187619
988	-7.55102	0.00341062	9.46422	0.018743
989	-7.55095	0.00340791	9.46466	0.0187294
990	-7.55093	0.00340454	9.46481	0.0187111
991	-7.55097	0.00340138	9.46457	0.0186937
992	-7.551	0.00339804	9.46443	0.0186755
993	-7.55103	0.00339477	9.46423	0.0186577
994	-7.55108	0.00339165	9.46403	0.01864
995	-7.55108	0.00338824	9.46406	0.0186213
996	-7.55104	0.00338503	9.46428	0.018604
997	-7.55091	0.00338432	9.46506	0.0186015
998	-7.55089	0.00338096	9.46516	0.0185831
999	-7.55083	0.00337816	9.46551	0.0185678
1000	-7.55079	0.00337506	9.46573	0.0185506
1001	-7.55072	0.00337227	9.46609	0.0185355
1002	-7.55072	0.00336892	9.46616	0.0185171
1003	-7.55072	0.00336556	9.46619	0.0184987
1004	-7.55071	0.00336221	9.46623	0.0184803
1005	-7.55066	0.00335923	9.46648	0.0184636
1006	-7.55068	0.00335599	9.46633	0.0184459
1007	-7.55071	0.00335274	9.46617	0.0184283
1008	-7.55075	0.00334967	9.46592	0.0184117
1009	-7.55069	0.00334688	9.46624	0.0183962
1010	-7.55066	0.00334372	9.4664	0.0183787
1011	-7.55062	0.00334068	9.46659	0.0183615
1012	-7.55053	0.00333838	9.46701	0.018348
1013	-7.55048	0.00333551	9.46727	0.0183317
1014	-7.55053	0.00333252	9.46699	0.0183156
1015	-7.5505	0.00332935	9.46711	0.018298
1016	-7.55043	0.00332685	9.4675	0.0182842
1017	-7.55039	0.00332376	9.46771	0.0182674
1018	-7.55032	0.00332118	9.46812	0.018254
1019	-7.55018	0.00332121	9.46899	0.018257
1020	-7.55008	0.00331949	9.46957	0.0182483
1021	-7.54994	0.00331921	9.47037	0.0182478
1022	-7.5497	0.00332402	9.47165	0.018275
1023	-7.54954	0.00332471	9.47255	0.0182791
1024	-7.54945	0.00332286	9.47308	0.0182692
1025	-7.54934	0.00332146	9.47372	0.0182623
1026	-7.5493	0.0033184	9.47391	0.0182455
1027	-7.5492	0.00331672	9.47447	0.0182363
1028	-7.54916	0.00331375	9.47468	0.0182199
1029	-7.54915	0.00331054	9.47466	0.0182022
1030	-7.54917	0.00330737	9.4745	0.0181852
1031	-7.54909	0.00330497	9.47485	0.018171
1032	-7.54907	0.00330188	9.47497	0.0181538
1033	-7.54905	0.00329871	9.47502	0.0181363
1034	-7.54906	0.00329552	9.47501	0.0181187
1035	-7.54906	0.00329234	9.47504	0.0181012
1036	-7.54907	0.0032892	9.47497	0.0180839
1037	-7.54908	0.00328603	9.47493	0.0180665
1038	-7.54905	0.00328295	9.47505	0.0180495
1039	-7.54906	0.00327979	9.47507	0.0180322
1040	-7.54892	0.00327947	9.4759	0.0180339
1041	-7.54878	0.00327944	9.47673	0.0180355
1042	-7.54866	0.00327855	9.47742	0.0180314
1043	-7.54859	0.00327596	9.47779	0.0180179
1044	-7.54864	0.00327309	9.47758	0.0180018
1045	-7.54869	0.0032704	9.47728	0.017987
1046	-7.54875	0.00326786	9.47692	0.0179736
1047	-7.54881	0.00326518	9.4766	0.0179591
1048	-7.54881	0.00326208	9.47657	0.017942
1049	-7.54885	0.00325918	9.4764	0.0179257
1050	-7.54888	0.00325617	9.4763	0.0179089
1051	-7.5489	0.00325312	9.47623	0.017892
1052	-7.54887	0.00325017	9.47644	0.0178762
1053	-7.54887	0.00324709	9.47641	0.0178593
1054	-7.54893	0.00324452	9.47608	0.0178454
1055	-7.54905	0.00324353	9.47543	0.0178403
1056	-7.5492	0.00324406	9.4746	0.017843
1057	-7.54926	0.00324157	9.47429	0.0178288
1058	-7.54937	0.00324019	9.47372	0.0178209
1059	-7.54944	0.00323806	9.47333	0.0178083
1060	-7.5495	0.00323549	9.47306	0.0177936
1061	-7.54958	0.00323336	9.47266	0.0177814
1062	-7.5496	0.00323043	9.47253	0.0177651
1063	-7.54964	0.00322759	9.47235	0.0177493
1064	-7.54969	0.00322493	9.47209	0.0177345
1065	-7.54976	0.00322268	9.4717	0.0177221
1066	-7.54975	0.00321967	9.47174	0.0177055
1067	-7.54975	0.00321665	9.47177	0.017689
1068	-7.54973	0.00321369	9.47189	0.0176729
1069	-7.54967	0.00321126	9.47222	0.0176594
1070	-7.54965	0.00320832	9.47236	0.0176434
1071	-7.54968	0.00320549	9.47218	0.0176279
1072	-7.54971	0.00320258	9.47205	0.0176119
1073	-7.54975	0.00319992	9.47179	0.0175974
1074	-7.54981	0.0031974	9.47149	0.0175836
1075	-7.54989	0.00319564	9.47101	0.0175736
1076	-7.54998	0.00319372	9.47058	0.0175627
1077	-7.54999	0.00319078	9.47049	0.0175466
1078	-7.55005	0.00318833	9.47017	0.0175333
1079	-7.55012	0.00318627	9.46978	0.0175215
1080	-7.55018	0.00318381	9.46951	0.0175073
1081	-7.55025	0.00318161	9.46914	0.0174949
1082	-7.55036	0.00318087	9.46851	0.0174901
1083	-7.55046	0.00317955	9.46795	0.0174829
1084	-7.55057	0.00317836	9.46736	0.0174769
1085	-7.55071	0.0031783	9.4666	0.0174774
1086	-7.55085	0.00317886	9.46576	0.017481
1087	-7.55098	0.00317841	9.46509	0.0174779
1088	-7.55107	0.00317678	9.4646	0.0174688
1089	-7.55115	0.00317479	9.46415	0.0174585
1090	-7.55123	0.00317285	9.46371	0.017448
1091	-7.55132	0.0031713	9.46319	0.0174399
1092	-7.55135	0.00316853	9.463	0.0174249
1093	-7.55138	0.00316583	9.4628	0.0174101
1094	-7.55144	0.00316336	9.46252	0.0173965
1095	-7.55153	0.00316197	9.46198	0.017389
1096	-7.5516	0.00315978	9.46165	0.0173761
1097	-7.55167	0.00315766	9.46131	0.0173637
1098	-7.55167	0.00315479	9.46131	0.0173479
1099	-7.55177	0.00315347	9.46078	0.0173401
1100	-7.55187	0.00315214	9.46027	0.0173321
1101	-7.55199	0.00315151	9.45965	0.0173273
1102	-7.55205	0.00314935	9.45932	0.0173147
1103	-7.55208	0.0031466	9.45921	0.0172994
1104	-7.55212	0.00314403	9.45898	0.0172853
1105	-7.55208	0.00314142	9.45923	0.0172715
1106	-7.55201	0.00313941	9.45966	0.0172612
1107	-7.55196	0.00313692	9.45994	0.0172479
1108	-7.55191	0.00313461	9.46033	0.0172367
1109	-7.55192	0.00313185	9.46027	0.0172212
1110	-7.55201	0.00313012	9.45982	0.0172115
1111	-7.55202	0.00312732	9.45977	0.0171961
1112	-7.55205	0.00312463	9.45963	0.0171812
1113	-7.55212	0.00312258	9.45924	0.01717
1114	-7.55223	0.0031217	9.45862	0.0171658
1115	-7.55232	0.00312023	9.45811	0.0171581
1116	-7.55241	0.00311875	9.45759	0.0171507
1117	-7.5525	0.00311748	9.45704	0.0171442
1118	-7.5526	0.00311602	9.45649	0.0171374
1119	-7.5526	0.00311324	9.4564	0.0171224
1120	-7.5526	0.00311046	9.45636	0.0171072
1121	-7.55266	0.00310813	9.45603	0.017095
1122	-7.55271	0.00310591	9.45569	0.0170833
1123	-7.55277	0.00310366	9.45535	0.0170714
1124	-7.55285	0.00310201	9.45489	0.0170625
1125	-7.55293	0.00310019	9.45447	0.0170524
1126	-7.55305	0.00309987	9.45378	0.0170515
1127	-7.55309	0.00309728	9.45359	0.0170374
1128	-7.55309	0.00309455	9.45353	0.0170224
1129	-7.55307	0.00309192	9.45367	0.0170079
1130	-7.55297	0.00309064	9.45423	0.0170019
1131	-7.55287	0.00308954	9.45482	0.0169972
1132	-7.55283	0.00308709	9.45505	0.0169838
1133	-7.55278	0.00308476	9.4553	0.0169706
1134	-7.55265	0.00308479	9.45602	0.016971
1135	-7.55247	0.00308759	9.45704	0.0169865
1136	-7.55235	0.00308721	9.45771	0.0169849
1137	-7.55225	0.00308609	9.45829	0.0169798
1138	-7.55217	0.00308438	9.45874	0.0169707
1139	-7.55207	0.00308338	9.45932	0.0169659
1140	-7.55192	0.00308425	9.46018	0.0169725
1141	-7.55185	0.0030824	9.4606	0.0169629
1142	-7.5518	0.00307997	9.46085	0.0169499
1143	-7.55181	0.00307729	9.46084	0.0169351
1144	-7.55179	0.00307466	9.46097	0.0169208
1145	-7.5518	0.00307198	9.461	0.0169061
1146	-7.55178	0.00306932	9.46109	0.0168916
1147	-7.55178	0.00306665	9.46115	0.016877
1148	-7.55177	0.00306398	9.4612	0.0168623
1149	-7.55182	0.0030616	9.46096	0.0168494
1150	-7.55186	0.0030592	9.46075	0.0168361
1151	-7.55186	0.00305654	9.46079	0.0168215
1152	-7.55181	0.00305416	9.46106	0.016809
1153	-7.55171	0.00305338	9.4617	0.0168067
1154	-7.55159	0.00305286	9.46241	0.0168073
1155	-7.55151	0.00305127	9.4629	0.0167997
1156	-7.55146	0.0030491	9.46322	0.0167883
1157	-7.55142	0.00304674	9.4635	0.0167761
1158	-7.55141	0.00304412	9.46359	0.0167619
1159	-7.55138	0.00304166	9.46381	0.0167489
1160	-7.5514	0.00303914	9.46369	0.0167349
1161	-7.5514	0.00303652	9.4637	0.0167205
1162	-7.55138	0.003034	9.46383	0.0167066
1163	-7.55137	0.0030314	9.46389	0.0166924
1164	-7.55133	0.00302914	9.46417	0.0166803
1165	-7.55134	0.00302655	9.46419	0.016666
1166	-7.55139	0.00302453	9.4639	0.0166541
1167	-7.55144	0.00302221	9.46371	0.016641
1168	-7.55147	0.00301988	9.4635	0.016628
1169	-7.55147	0.0030173	9.46356	0.0166139
1170	-7.55144	0.00301485	9.46375	0.0166008
1171	-7.55147	0.0030124	9.46361	0.0165871
1172	-7.55144	0.00300995	9.46379	0.0165739
1173	-7.5515	0.00300784	9.46353	0.0165619
1174	-7.55162	0.00300768	9.46288	0.0165603
1175	-7.55172	0.00300679	9.46235	0.0165549
1176	-7.55183	0.00300623	9.46177	0.016551
1177	-7.55189	0.00300425	9.46146	0.0165398
1178	-7.55191	0.00300184	9.4613	0.0165265
1179	-7.55198	0.00300002	9.46095	0.0165162
1180	-7.55205	0.00299823	9.46062	0.0165056
1181	-7.5521	0.00299612	9.46036	0.0164937
1182	-7.5521	0.00299359	9.46035	0.0164797
1183	-7.55206	0.00299143	9.4606	0.0164678
1184	-7.55209	0.00298909	9.46042	0.016455
1185	-7.55211	0.00298665	9.4603	0.0164415
1186	-7.55204	0.00298506	9.46073	0.0164334
1187	-7.55194	0.00298402	9.46128	0.0164287
1188	-7.5519	0.00298176	9.46151	0.0164165
1189	-7.55185	0.00297978	9.46185	0.0164061
1190	-7.55185	0.00297729	9.46184	0.0163923
1191	-7.5519	0.00297514	9.46161	0.0163801
1192	-7.55191	0.00297265	9.4616	0.0163664
1193	-7.55189	0.0029702	9.46168	0.0163529
1194	-7.55186	0.00296783	9.46184	0.0163399
1195	-7.55186	0.00296536	9.46189	0.0163264
1196	-7.55182	0.00296315	9.46211	0.0163141
1197	-7.55178	0.00296097	9.46233	0.016302
1198	-7.55172	0.0029591	9.46266	0.0162918
1199	-7.55165	0.00295729	9.46303	0.0162823
1200	-7.55164	0.00295487	9.46317	0.0162693
1201	-7.55154	0.00295383	9.46372	0.016265
1202	-7.55152	0.00295145	9.46385	0.0162521
1203	-7.55152	0.002949	9.46388	0.0162386
1204	-7.55143	0.00294802	9.46442	0.0162339
1205	-7.55135	0.00294662	9.46485	0.0162263
1206	-7.55131	0.00294453	9.46513	0.0162152
1207	-7.55126	0.00294243	9.46539	0.0162038
1208	-7.55116	0.00294189	9.466	0.0162018
1209	-7.55106	0.002941	9.46654	0.0161974
1210	-7.55094	0.00294113	9.46725	0.0161998
1211	-7.5509	0.00293896	9.46751	0.0161885
1212	-7.55087	0.00293666	9.46771	0.0161763
1213	-7.55089	0.00293427	9.46768	0.016163
1214	-7.55092	0.00293208	9.46753	0.0161504
1215	-7.55092	0.00292967	9.46761	0.0161373
1216	-7.55081	0.00292933	9.46824	0.0161364
1217	-7.55073	0.00292782	9.46865	0.0161282
1218	-7.55069	0.00292569	9.4689	0.0161169
1219	-7.55068	0.0029233	9.46897	0.0161039
1220	-7.55064	0.00292118	9.46921	0.0160925
1221	-7.55053	0.00292096	9.46983	0.016091
1222	-7.55042	0.0029207	9.47043	0.0160891
1223	-7.55037	0.00291883	9.47069	0.016078
1224	-7.55025	0.00291868	9.47129	0.016076
1225	-7.55025	0.0029163	9.47127	0.0160629
1226	-7.55022	0.00291408	9.47142	0.0160506
1227	-7.55019	0.00291194	9.47163	0.0160389
1228	-7.55017	0.00290962	9.47168	0.0160259
1229	-7.55025	0.00290849	9.47116	0.0160213
1230	-7.55034	0.00290732	9.47066	0.0160161
1231	-7.55041	0.00290593	9.4702	0.0160097
1232	-7.5505	0.00290492	9.46965	0.0160059
1233	-7.55061	0.00290476	9.469	0.0160064
1234	-7.55074	0.0029051	9.46827	0.0160098
1235	-7.55073	0.00290277	9.46828	0.0159968
1236	-7.55079	0.00290097	9.46794	0.0159876
1237	-7.55087	0.00289978	9.46743	0.0159826
1238	-7.55092	0.00289796	9.46711	0.015973
1239	-7.55086	0.0028962	9.46742	0.0159631
1240	-7.55084	0.00289401	9.4676	0.0159513
1241	-7.55074	0.00289314	9.46814	0.0159475
1242	-7.55068	0.00289153	9.46852	0.0159391
1243	-7.55062	0.00288981	9.46885	0.0159298
1244	-7.55054	0.00288858	9.46929	0.015923
1245	-7.55052	0.00288633	9.46939	0.0159106
1246	-7.55048	0.00288427	9.46961	0.0158993
1247	-7.55045	0.00288209	9.46977	0.0158873
1248	-7.55049	0.00287997	9.46959	0.0158757
1249	-7.55055	0.00287836	9.46924	0.0158667
1250	-7.55062	0.00287696	9.46886	0.0158587
1251	-7.55072	0.00287642	9.4683	0.0158557
1252	-7.55078	0.00287475	9.46797	0.0158466
1253	-7.55081	0.00287256	9.4678	0.0158348
1254	-7.55082	0.0028703	9.46772	0.0158223
1255	-7.55088	0.00286868	9.46737	0.0158136
1256	-7.5509	0.00286645	9.46725	0.0158015
1257	-7.55084	0.00286476	9.46753	0.0157913
1258	-7.55083	0.0028625	9.46753	0.0157788
1259	-7.5508	0.00286044	9.46769	0.015767
1260	-7.55072	0.00285919	9.4681	0.0157599
1261	-7.55065	0.00285773	9.46843	0.0157509
1262	-7.55057	0.0028566	9.46885	0.0157439
1263	-7.55049	0.00285554	9.46927	0.0157371
1264	-7.55039	0.0028549	9.46976	0.0157325
1265	-7.55035	0.00285298	9.46998	0.0157215
1266	-7.5503	0.00285122	9.47024	0.0157112
1267	-7.5503	0.00284898	9.47019	0.0156988
1268	-7.55029	0.00284674	9.47021	0.0156865
1269	-7.55034	0.00284502	9.46989	0.0156772
1270	-7.55039	0.00284308	9.46967	0.0156665
1271	-7.55043	0.00284113	9.46946	0.0156556
1272	-7.55043	0.0028389	9.46945	0.0156433
1273	-7.55049	0.00283729	9.46913	0.0156342
1274	-7.55058	0.00283667	9.46862	0.0156304
1275	-7.5507	0.00283689	9.46799	0.0156307
1276	-7.5508	0.00283637	9.46745	0.0156279
1277	-7.55086	0.00283482	9.46711	0.0156193
1278	-7.55089	0.00283274	9.46694	0.0156079
1279	-7.55095	0.00283117	9.46661	0.0155993
1280	-7.55106	0.00283101	9.46599	0.0155992
1281	-7.55113	0.00282972	9.4656	0.015592
1282	-7.55117	0.00282778	9.46539	0.0155812
1283	-7.55117	0.00282558	9.46539	0.0155691
1284	-7.55118	0.00282345	9.46525	0.0155576
1285	-7.5512	0.00282128	9.46515	0.0155458
1286	-7.55126	0.0028197	9.46481	0.0155376
1287	-7.55129	0.00281772	9.46459	0.0155271
1288	-7.55137	0.00281655	9.46414	0.0155214
1289	-7.55151	0.00281778	9.46339	0.0155275
1290	-7.55164	0.00281899	9.46264	0.0155336
1291	-7.55176	0.00281935	9.46198	0.0155357
1292	-7.55185	0.00281851	9.46148	0.0155318
1293	-7.55192	0.00281729	9.46106	0.0155252
1294	-7.55201	0.00281632	9.46058	0.0155208
1295	-7.55206	0.0028147	9.46025	0.0155123
1296	-7.5521	0.00281284	9.46001	0.0155022
1297	-7.55221	0.00281249	9.45941	0.0155017
1298	-7.55231	0.00281222	9.45881	0.0155016
1299	-7.55249	0.00281563	9.4578	0.0155223
1300	-7.55258	0.00281494	9.45726	0.0155197
1301	-7.55269	0.002815	9.45662	0.0155211
1302	-7.55277	0.00281408	9.45618	0.0155154
1303	-7.55286	0.00281338	9.45568	0.0155114
1304	-7.55298	0.00281346	9.45508	0.0155113
1305	-7.55309	0.00281367	9.45446	0.0155116
1306	-7.5532	0.00281365	9.45386	0.0155116
1307	-7.55328	0.00281263	9.4534	0.0155065
1308	-7.55334	0.0028111	9.45304	0.0154987
1309	-7.55336	0.00280903	9.4529	0.0154875
1310	-7.55339	0.00280709	9.45271	0.0154769
1311	-7.5534	0.00280496	9.45266	0.0154652
1312	-7.5534	0.00280282	9.45267	0.0154534
1313	-7.55336	0.00280094	9.45286	0.0154429
1314	-7.55326	0.00280061	9.45338	0.0154397
1315	-7.55317	0.00280003	9.45388	0.0154363
1316	-7.55312	0.00279826	9.45412	0.0154264
1317	-7.55306	0.0027968	9.45444	0.015418
1318	-7.55303	0.00279482	9.45458	0.0154069
1319	-7.55297	0.0027933	9.45488	0.0153982
1320	-7.55293	0.0027915	9.4551	0.015388
1321	-7.55287	0.00279017	9.45544	0.0153802
1322	-7.55278	0.00278939	9.45587	0.0153746
1323	-7.55275	0.00278746	9.45601	0.0153636
1324	-7.5527	0.00278584	9.45628	0.0153543
1325	-7.55266	0.00278396	9.45644	0.0153436
1326	-7.55267	0.00278187	9.45641	0.0153321
1327	-7.55268	0.0027798	9.45633	0.0153208
1328	-7.55269	0.00277774	9.45624	0.0153095
1329	-7.55273	0.00277597	9.456	0.0152999
1330	-7.55275	0.00277393	9.45589	0.0152887
1331	-7.5528	0.00277225	9.45562	0.0152795
1332	-7.55285	0.00277067	9.45533	0.0152709
1333	-7.55289	0.00276895	9.45508	0.0152614
1334	-7.55298	0.00276823	9.45461	0.0152573
1335	-7.55305	0.00276709	9.45422	0.0152508
1336	-7.55312	0.00276592	9.45384	0.0152442
1337	-7.55316	0.00276411	9.45366	0.0152338
1338	-7.55316	0.00276205	9.45371	0.0152225
1339	-7.55318	0.0027601	9.4536	0.0152115
1340	-7.55323	0.00275845	9.45337	0.0152019
1341	-7.5533	0.00275725	9.45301	0.0151949
1342	-7.55334	0.00275546	9.45284	0.0151845
1343	-7.55337	0.00275355	9.45272	0.0151736
1344	-7.55342	0.00275204	9.45246	0.0151647
1345	-7.5534	0.00275007	9.4526	0.0151541
1346	-7.55343	0.00274816	9.45249	0.0151432
1347	-7.55354	0.0027482	9.45191	0.0151429
1348	-7.55365	0.00274853	9.45131	0.0151438
1349	-7.55373	0.0027476	9.4509	0.0151381
1350	-7.55383	0.00274738	9.45034	0.015137
1351	-7.55391	0.00274675	9.44987	0.0151334
1352	-7.55402	0.00274691	9.44927	0.0151338
1353	-7.5541	0.00274586	9.44886	0.0151283
1354	-7.55412	0.00274391	9.44873	0.0151176
1355	-7.55418	0.00274253	9.44843	0.0151095
1356	-7.5542	0.00274056	9.44836	0.0150985
1357	-7.55421	0.00273857	9.4483	0.0150875
1358	-7.5542	0.00273658	9.44836	0.0150765
1359	-7.55417	0.0027347	9.44852	0.0150663
1360	-7.55411	0.00273335	9.44885	0.0150587
1361	-7.55406	0.00273171	9.44911	0.0150499
1362	-7.55407	0.0027297	9.44908	0.0150389
1363	-7.55403	0.00272791	9.44928	0.0150292
1364	-7.55403	0.00272592	9.44933	0.0150182
1365	-7.55402	0.00272394	9.44941	0.0150074
1366	-7.55405	0.00272211	9.44924	0.0149974
1367	-7.55407	0.00272021	9.4491	0.0149871
1368	-7.55411	0.00271851	9.44889	0.0149776
1369	-7.55411	0.00271652	9.44889	0.0149666
1370	-7.55414	0.00271467	9.44878	0.0149561
1371	-7.55416	0.00271277	9.44872	0.0149454
1372	-7.55415	0.0027108	9.4488	0.0149347
1373	-7.55413	0.00270896	9.44896	0.0149247
1374	-7.55411	0.00270701	9.44904	0.014914
1375	-7.55416	0.00270537	9.44885	0.0149044
1376	-7.55416	0.00270342	9.44885	0.0148936
1377	-7.5542	0.00270172	9.44865	0.0148841
1378	-7.55422	0.00269985	9.44853	0.0148738
1379	-7.55422	0.0026979	9.44857	0.014863
1380	-7.55419	0.00269605	9.44871	0.0148529
1381	-7.55421	0.00269412	9.44865	0.0148423
1382	-7.55425	0.00269262	9.44835	0.0148345
1383	-7.55425	0.00269067	9.44835	0.0148238
1384	-7.55426	0.00268873	9.44833	0.0148131
1385	-7.55418	0.00268786	9.44876	0.0148087
1386	-7.55417	0.00268594	9.44881	0.0147982
1387	-7.55416	0.00268404	9.44886	0.0147876
1388	-7.55415	0.00268211	9.4489	0.014777
1389	-7.55413	0.00268026	9.44902	0.0147668
1390	-7.55411	0.00267841	9.44914	0.0147567
1391	-7.55411	0.00267649	9.44918	0.0147461
1392	-7.55415	0.00267486	9.44896	0.0147372
1393	-7.55423	0.00267432	9.44847	0.0147347
1394	-7.55423	0.00267241	9.44848	0.0147242
1395	-7.55425	0.00267059	9.44833	0.0147143
1396	-7.55425	0.00266868	9.44835	0.0147038
1397	-7.55429	0.00266717	9.44811	0.0146953
1398	-7.55434	0.00266567	9.44788	0.0146865
1399	-7.55441	0.00266455	9.44754	0.0146798
1400	-7.55448	0.00266358	9.44717	0.014674
1401	-7.55452	0.00266195	9.44698	0.0146648
1402	-7.55457	0.00266061	9.4467	0.0146571
1403	-7.55462	0.00265911	9.44645	0.0146487
1404	-7.55462	0.00265722	9.44643	0.0146382
1405	-7.55461	0.00265536	9.44653	0.0146281
1406	-7.55461	0.00265348	9.44654	0.0146177
1407	-7.55458	0.00265173	9.4467	0.0146083
1408	-7.55459	0.00264986	9.44667	0.0145979
1409	-7.55454	0.00264839	9.44695	0.0145902
1410	-7.55453	0.00264655	9.44706	0.0145803
1411	-7.55459	0.00264538	9.44674	0.0145733
1412	-7.5546	0.00264353	9.44669	0.0145631
1413	-7.55456	0.00264204	9.44694	0.014555
1414	-7.55457	0.00264022	9.44684	0.014545
1415	-7.5546	0.00263851	9.44672	0.0145352
1416	-7.55462	0.0026367	9.44669	0.014525
1417	-7.55462	0.00263484	9.44671	0.0145148
1418	-7.55458	0.00263326	9.44697	0.0145068
1419	-7.55457	0.00263142	9.44706	0.0144969
1420	-7.55456	0.00262958	9.44719	0.0144872
1421	-7.55455	0.00262776	9.4473	0.0144774
1422	-7.55457	0.00262596	9.44723	0.0144674
1423	-7.55461	0.00262444	9.44702	0.0144587
1424	-7.55467	0.00262333	9.44667	0.0144528
1425	-7.55477	0.0026233	9.44612	0.0144532
1426	-7.55488	0.00262375	9.44549	0.0144566
1427	-7.55495	0.00262281	9.44509	0.0144521
1428	-7.55496	0.00262102	9.44498	0.0144424
1429	-7.5549	0.0026198	9.44526	0.014435
1430	-7.55482	0.00261928	9.4457	0.0144314
1431	-7.55476	0.0026182	9.44599	0.0144243
1432	-7.55471	0.00261691	9.44625	0.0144167
1433	-7.55466	0.00261547	9.44648	0.0144084
1434	-7.55467	0.00261368	9.44641	0.0143985
1435	-7.55471	0.00261206	9.44623	0.0143895
1436	-7.55474	0.00261052	9.44602	0.0143812
1437	-7.55483	0.00261006	9.44554	0.014379
1438	-7.55486	0.00260849	9.44533	0.0143705
1439	-7.55496	0.00260837	9.44479	0.0143708
1440	-7.55499	0.00260673	9.4446	0.014362
1441	-7.55503	0.00260525	9.44433	0.0143546
1442	-7.55508	0.00260387	9.44404	0.0143477
1443	-7.55512	0.00260234	9.44381	0.0143396
1444	-7.5551	0.00260056	9.44384	0.0143297
1445	-7.55509	0.0025988	9.44391	0.01432
1446	-7.55505	0.00259731	9.44412	0.0143116
1447	-7.55503	0.00259562	9.44425	0.0143023
1448	-7.555	0.00259394	9.44435	0.0142928
1449	-7.55502	0.00259224	9.44424	0.0142834
1450	-7.55505	0.00259055	9.44411	0.0142741
1451	-7.55509	0.00258911	9.44387	0.0142663
1452	-7.55515	0.00258795	9.44356	0.0142598
1453	-7.55522	0.00258725	9.44316	0.0142557
1454	-7.55529	0.00258629	9.44279	0.0142506
1455	-7.55528	0.00258451	9.44281	0.0142408
1456	-7.55527	0.00258276	9.44288	0.0142312
1457	-7.55528	0.002581	9.44283	0.0142215
1458	-7.55524	0.00257964	9.44308	0.0142141
1459	-7.55525	0.00257788	9.44303	0.0142044
1460	-7.55526	0.00257614	9.44297	0.0141949
1461	-7.55526	0.00257438	9.44294	0.0141852
1462	-7.5553	0.00257291	9.44272	0.0141772
1463	-7.55533	0.00257128	9.44257	0.0141683
1464	-7.55531	0.00256957	9.44264	0.0141588
1465	-7.55529	0.0025679	9.44273	0.0141494
1466	-7.55527	0.0025662	9.44281	0.01414
1467	-7.55524	0.00256471	9.443	0.0141317
1468	-7.55525	0.00256298	9.44293	0.0141223
1469	-7.55523	0.0025613	9.443	0.0141129
1470	-7.5552	0.00255976	9.44318	0.0141043
1471	-7.5552	0.00255803	9.44314	0.0140948
1472	-7.5552	0.00255629	9.44316	0.0140852
1473	-7.55517	0.00255468	9.44328	0.0140762
1474	-7.55513	0.00255326	9.44348	0.0140681
1475	-7.5551	0.00255174	9.44367	0.0140597
1476	-7.55507	0.00255017	9.44384	0.0140513
1477	-7.55502	0.0025489	9.44412	0.0140445
1478	-7.55501	0.00254724	9.44422	0.0140354
1479	-7.55497	0.0025458	9.44442	0.0140273
1480	-7.55494	0.00254421	9.44454	0.0140183
1481	-7.5549	0.00254287	9.44476	0.0140106
1482	-7.55483	0.002542	9.4451	0.0140054
1483	-7.5548	0.00254047	9.44529	0.0139973
1484	-7.55476	0.00253915	9.44556	0.0139904
1485	-7.55475	0.00253745	9.44558	0.013981
1486	-7.55472	0.00253589	9.44573	0.0139724
1487	-7.55466	0.00253491	9.44606	0.0139667
1488	-7.55461	0.00253367	9.44632	0.0139598
1489	-7.55452	0.00253364	9.44684	0.0139601
1490	-7.55446	0.00253268	9.4472	0.0139554
1491	-7.55446	0.00253098	9.44718	0.013946
1492	-7.55448	0.00252936	9.44708	0.0139371
1493	-7.55447	0.00252769	9.44714	0.0139278
1494	-7.55441	0.00252664	9.44744	0.0139219
1495	-7.55438	0.00252514	9.44761	0.0139136
1496	-7.55437	0.00252347	9.44765	0.0139044
1497	-7.55438	0.00252178	9.44764	0.0138951
1498	-7.55439	0.00252014	9.44757	0.013886
1499	-7.55444	0.002519	9.44727	0.01388
1500	-7.55447	0.00251747	9.44711	0.0138717
1501	-7.55447	0.0025158	9.4471	0.0138624
1502	-7.55446	0.00251414	9.44714	0.0138533
1503	-7.55441	0.00251288	9.44738	0.0138461
1504	-7.55435	0.00251196	9.44772	0.013841
1505	-7.55432	0.00251049	9.4479	0.0138331
1506	-7.55426	0.00250955	9.44824	0.0138281
1507	-7.55419	0.00250897	9.44864	0.0138246
1508	-7.5541	0.0025089	9.44912	0.0138236
1509	-7.55406	0.00250757	9.44933	0.0138162
1510	-7.55395	0.0025083	9.44993	0.0138201
1511	-7.55387	0.00250775	9.45033	0.0138167
1512	-7.55383	0.00250645	9.45056	0.0138094
1513	-7.55378	0.00250534	9.45085	0.0138033
1514	-7.55373	0.00250416	9.45112	0.0137969
1515	-7.55366	0.00250358	9.45152	0.0137937
1516	-7.55364	0.00250197	9.4516	0.0137849
1517	-7.55361	0.00250048	9.45177	0.0137768
1518	-7.55361	0.00249884	9.45181	0.0137678
1519	-7.55358	0.00249741	9.45198	0.0137598
1520	-7.55355	0.00249586	9.45209	0.0137512
1521	-7.55352	0.00249442	9.45225	0.0137431
1522	-7.55343	0.00249435	9.45275	0.0137431
1523	-7.55328	0.00249754	9.45362	0.0137614
1524	-7.55315	0.00249923	9.45435	0.0137719
1525	-7.55305	0.00249963	9.45494	0.0137755
1526	-7.55294	0.00250052	9.45556	0.0137805
1527	-7.55282	0.00250179	9.45622	0.0137872
1528	-7.55266	0.00250473	9.45705	0.0138032
1529	-7.55248	0.00250971	9.45805	0.0138302
1530	-7.55234	0.00251209	9.45881	0.0138417
1531	-7.55224	0.00251262	9.45934	0.013843
1532	-7.55214	0.0025129	9.45987	0.013844
1533	-7.5521	0.00251159	9.46008	0.0138366
1534	-7.55205	0.00251042	9.46034	0.01383
1535	-7.55198	0.00250967	9.4607	0.0138257
1536	-7.55194	0.00250842	9.46094	0.0138187
1537	-7.5519	0.00250713	9.46116	0.0138115
1538	-7.55183	0.00250637	9.46152	0.0138073
1539	-7.55181	0.00250482	9.46164	0.0137988
1540	-7.5517	0.00250574	9.46226	0.013804
1541	-7.55159	0.00250661	9.46289	0.0138092
1542	-7.55147	0.00250768	9.46354	0.0138158
1543	-7.55134	0.00250966	9.46429	0.0138272
1544	-7.55128	0.00250864	9.46459	0.0138213
1545	-7.55126	0.00250713	9.46471	0.0138129
1546	-7.55128	0.00250559	9.4646	0.0138044
1547	-7.55128	0.00250398	9.46455	0.0137956
1548	-7.55128	0.00250236	9.46455	0.0137867
1549	-7.5513	0.0025008	9.46444	0.0137782
1550	-7.55131	0.00249921	9.46437	0.0137695
1551	-7.5513	0.00249761	9.4644	0.0137606
1552	-7.55128	0.00249612	9.46454	0.0137525
1553	-7.55129	0.00249454	9.46446	0.0137439
1554	-7.5513	0.00249298	9.46438	0.0137353
1555	-7.5513	0.00249137	9.46439	0.0137265
1556	-7.55127	0.00248995	9.46458	0.0137189
1557	-7.55121	0.00248906	9.46494	0.0137148
1558	-7.55117	0.0024878	9.46518	0.0137081
1559	-7.55115	0.00248626	9.46528	0.0136997
1560	-7.55116	0.00248467	9.46523	0.0136909
1561	-7.55118	0.0024832	9.46508	0.0136829
1562	-7.55122	0.0024819	9.46485	0.0136761
1563	-7.55126	0.00248061	9.46464	0.013669
1564	-7.55128	0.00247912	9.46452	0.0136608
1565	-7.55129	0.00247754	9.46451	0.0136521
1566	-7.55128	0.00247598	9.46457	0.0136435
1567	-7.55124	0.00247466	9.46478	0.0136364
1568	-7.55122	0.00247316	9.46491	0.0136283
1569	-7.55121	0.0024716	9.46496	0.0136197
1570	-7.5512	0.00247008	9.46505	0.0136113
1571	-7.55117	0.00246862	9.46518	0.0136033
1572	-7.55113	0.00246749	9.46543	0.0135968
1573	-7.55106	0.0024669	9.46581	0.0135935
1574	-7.55095	0.00246751	9.46637	0.0135964
1575	-7.55087	0.00246746	9.46685	0.0135963
1576	-7.55081	0.00246646	9.46716	0.0135912
1577	-7.5508	0.00246493	9.46723	0.0135828
1578	-7.55078	0.00246346	9.46736	0.0135747
1579	-7.55081	0.00246211	9.46721	0.013567
1580	-7.55082	0.00246055	9.46723	0.0135584
1581	-7.55086	0.00245947	9.46701	0.0135516
1582	-7.55089	0.00245807	9.4669	0.0135435
1583	-7.55097	0.00245777	9.46651	0.0135408
1584	-7.55109	0.00245893	9.46588	0.0135464
1585	-7.55117	0.00245899	9.4654	0.0135466
1586	-7.5512	0.00245757	9.46527	0.0135387
1587	-7.55125	0.00245663	9.46497	0.0135334
1588	-7.55133	0.00245616	9.46456	0.0135311
1589	-7.55144	0.00245698	9.46397	0.0135354
1590	-7.55155	0.0024582	9.46334	0.0135415
1591	-7.55163	0.00245778	9.46294	0.0135391
1592	-7.55171	0.0024575	9.46252	0.0135371
1593	-7.55176	0.00245649	9.46226	0.0135311
1594	-7.5518	0.00245542	9.46201	0.0135248
1595	-7.55182	0.00245395	9.4619	0.0135168
1596	-7.55189	0.00245328	9.46152	0.0135137
1597	-7.5519	0.00245179	9.46141	0.0135057
1598	-7.55191	0.00245026	9.46135	0.0134973
1599	-7.55194	0.00244896	9.46116	0.0134903
1600	-7.55198	0.00244773	9.46094	0.0134837
1601	-7.55204	0.00244691	9.46062	0.013479
1602	-7.55213	0.00244701	9.46011	0.0134801
1603	-7.55219	0.0024463	9.45974	0.0134768
1604	-7.55221	0.00244487	9.4596	0.0134692
1605	-7.55222	0.00244337	9.4595	0.0134611
1606	-7.55224	0.00244193	9.45936	0.0134534
1607	-7.55228	0.0024407	9.45911	0.0134473
1608	-7.55226	0.00243929	9.45921	0.0134393
1609	-7.55223	0.00243797	9.45934	0.0134316
1610	-7.5522	0.00243663	9.45948	0.0134239
1611	-7.5522	0.00243512	9.45947	0.0134156
1612	-7.55221	0.00243365	9.45938	0.0134076
1613	-7.5522	0.00243219	9.45947	0.0133997
1614	-7.55216	0.002431	9.45969	0.0133931
1615	-7.55209	0.00243061	9.46011	0.0133915
1616	-7.55206	0.00242921	9.46024	0.0133839
1617	-7.55206	0.00242772	9.46028	0.0133756
1618	-7.55205	0.00242622	9.46028	0.0133674
1619	-7.55204	0.00242474	9.46031	0.0133591
1620	-7.55203	0.00242328	9.46036	0.013351
1621	-7.55201	0.00242187	9.46045	0.0133431
1622	-7.55201	0.00242037	9.46045	0.0133349
1623	-7.55203	0.00241892	9.46038	0.0133268
1624	-7.55201	0.00241747	9.46045	0.0133188
1625	-7.55203	0.00241606	9.46034	0.0133111
1626	-7.55207	0.00241491	9.46012	0.0133047
1627	-7.55214	0.00241442	9.45972	0.0133025
1628	-7.55219	0.00241334	9.45946	0.0132968
1629	-7.55227	0.00241342	9.45898	0.0132976
1630	-7.55236	0.00241337	9.45851	0.0132974
1631	-7.55241	0.00241246	9.45823	0.0132924
1632	-7.55244	0.00241121	9.45804	0.0132855
1633	-7.55246	0.00240978	9.45795	0.0132777
1634	-7.55244	0.00240833	9.45798	0.0132696
1635	-7.55245	0.00240686	9.45794	0.0132615
1636	-7.55245	0.00240539	9.45792	0.0132535
1637	-7.55242	0.00240412	9.45807	0.0132463
1638	-7.55235	0.00240359	9.45841	0.0132426
1639	-7.55228	0.00240327	9.4588	0.0132401
1640	-7.55221	0.00240283	9.45919	0.0132379
1641	-7.55218	0.00240153	9.45935	0.0132307
1642	-7.55217	0.0024001	9.45943	0.0132229
1643	-7.5521	0.00239961	9.4598	0.0132203
1644	-7.55202	0.00239944	9.46024	0.0132193
1645	-7.55195	0.00239894	9.4606	0.0132162
1646	-7.55191	0.0023979	9.46085	0.0132105
1647	-7.55181	0.00239829	9.46138	0.0132131
1648	-7.55174	0.00239791	9.46178	0.0132112
1649	-7.55166	0.0023979	9.46224	0.0132114
1650	-7.55159	0.00239747	9.46263	0.0132091
1651	-7.55152	0.0023971	9.46303	0.013207
1652	-7.55144	0.00239672	9.46339	0.013204
1653	-7.55139	0.00239578	9.46364	0.0131983
1654	-7.55137	0.00239448	9.46375	0.0131908
1655	-7.55134	0.00239315	9.46385	0.0131832
1656	-7.5513	0.00239212	9.46407	0.013177
1657	-7.55126	0.00239106	9.46428	0.0131708
1658	-7.55124	0.00238968	9.46434	0.013163
1659	-7.55123	0.00238825	9.46437	0.0131551
1660	-7.55125	0.00238685	9.4643	0.0131473
1661	-7.55124	0.00238543	9.46437	0.0131395
1662	-7.55122	0.00238406	9.46445	0.0131319
1663	-7.55119	0.0023828	9.46462	0.0131251
1664	-7.55117	0.00238146	9.46474	0.0131177
1665	-7.55113	0.0023803	9.46496	0.0131117
1666	-7.55113	0.00237887	9.46498	0.0131039
1667	-7.55109	0.00237796	9.46526	0.0130992
1668	-7.55103	0.00237715	9.46558	0.013095
1669	-7.55097	0.00237646	9.4659	0.0130912
1670	-7.55091	0.00237572	9.46621	0.013087
1671	-7.55082	0.00237627	9.46675	0.0130902
1672	-7.55067	0.00237936	9.46754	0.0131062
1673	-7.55059	0.00237939	9.46798	0.0131059
1674	-7.55054	0.00237852	9.46826	0.0131009
1675	-7.5505	0.00237738	9.46847	0.0130948
1676	-7.55048	0.00237602	9.46859	0.0130876
1677	-7.55045	0.00237486	9.46883	0.013082
1678	-7.5504	0.00237398	9.46915	0.013078
1679	-7.55034	0.00237321	9.46951	0.0130753
1680	-7.55028	0.00237261	9.46992	0.0130738
1681	-7.55016	0.0023742	9.47064	0.0130862
1682	-7.55008	0.00237432	9.47118	0.0130893
1683	-7.55001	0.00237394	9.47161	0.0130886
1684	-7.54997	0.0023728	9.47184	0.0130829
1685	-7.54992	0.00237193	9.47214	0.0130786
1686	-7.54991	0.00237057	9.47222	0.0130711
1687	-7.54992	0.00236921	9.47213	0.0130636
1688	-7.54992	0.00236781	9.47211	0.0130559
1689	-7.54993	0.00236641	9.47207	0.0130482
1690	-7.54995	0.00236511	9.47194	0.0130412
1691	-7.54993	0.00236377	9.47201	0.0130337
1692	-7.54993	0.00236237	9.47198	0.013026
1693	-7.54994	0.00236099	9.47191	0.0130185
1694	-7.54994	0.0023596	9.47187	0.0130109
1695	-7.54994	0.00235823	9.47188	0.0130032
1696	-7.54994	0.00235684	9.47187	0.0129956
1697	-7.54991	0.00235554	9.47197	0.0129883
1698	-7.54992	0.00235418	9.47189	0.0129808
1699	-7.54991	0.00235281	9.47193	0.0129733
1700	-7.54993	0.00235153	9.47178	0.0129664
1701	-7.5499	0.00235036	9.47194	0.0129597
1702	-7.54983	0.00235003	9.47232	0.0129577
1703	-7.54979	0.00234908	9.47256	0.0129524
1704	-7.54975	0.00234797	9.47276	0.0129463
1705	-7.54972	0.00234682	9.47294	0.0129399
1706	-7.54965	0.00234648	9.47333	0.0129384
1707	-7.54958	0.00234605	9.47373	0.012937
1708	-7.54952	0.00234564	9.47415	0.012936
1709	-7.5495	0.00234436	9.4743	0.0129294
1710	-7.54945	0.00234349	9.47459	0.012925
1711	-7.54943	0.00234219	9.47471	0.0129181
1712	-7.5494	0.00234104	9.4749	0.0129119
1713	-7.54935	0.00234023	9.47518	0.0129073
1714	-7.54928	0.00233977	9.47554	0.0129048
1715	-7.54924	0.00233871	9.47574	0.0128989
1716	-7.54919	0.00233803	9.47604	0.0128949
1717	-7.54914	0.00233718	9.4763	0.01289
1718	-7.54912	0.00233592	9.47642	0.0128831
1719	-7.54907	0.00233498	9.47665	0.0128777
1720	-7.54907	0.00233363	9.47668	0.0128702
1721	-7.54901	0.00233292	9.477	0.0128668
1722	-7.54899	0.00233164	9.47711	0.0128598
1723	-7.549	0.00233029	9.47714	0.0128524
1724	-7.54894	0.00232966	9.47748	0.0128496
1725	-7.54887	0.00232935	9.47789	0.0128485
1726	-7.54885	0.00232808	9.47804	0.0128419
1727	-7.54887	0.00232685	9.47796	0.0128347
1728	-7.54889	0.00232555	9.47793	0.0128273
1729	-7.54884	0.00232474	9.47826	0.0128241
1730	-7.54882	0.00232349	9.47841	0.0128177
1731	-7.54882	0.00232216	9.47839	0.0128103
1732	-7.54876	0.00232163	9.47875	0.0128081
1733	-7.54875	0.0023203	9.47884	0.012801
1734	-7.54879	0.00231927	9.47867	0.0127947
1735	-7.54881	0.00231801	9.47861	0.0127875
1736	-7.54887	0.00231744	9.47832	0.0127833
1737	-7.54893	0.00231685	9.47804	0.0127791
1738	-7.54895	0.00231558	9.47797	0.0127719
1739	-7.54897	0.00231438	9.47787	0.012765
1740	-7.54903	0.0023137	9.4776	0.0127606
1741	-7.54908	0.00231308	9.47729	0.0127569
1742	-7.54916	0.00231304	9.47687	0.0127564
1743	-7.54921	0.00231232	9.4766	0.0127521
1744	-7.54923	0.00231104	9.47653	0.012745
1745	-7.54921	0.00230981	9.47665	0.0127383
1746	-7.54919	0.00230856	9.47675	0.0127314
1747	-7.54919	0.00230724	9.47675	0.0127241
1748	-7.54915	0.00230614	9.47693	0.012718
1749	-7.54915	0.00230482	9.47695	0.0127107
1750	-7.54917	0.00230357	9.47684	0.0127039
1751	-7.54919	0.00230243	9.47667	0.0126978
1752	-7.54922	0.00230131	9.47652	0.0126915
1753	-7.54931	0.00230155	9.47604	0.0126933
1754	-7.54937	0.002301	9.47569	0.0126909
1755	-7.54941	0.00230007	9.47545	0.012686
1756	-7.54942	0.00229881	9.47536	0.012679
1757	-7.54939	0.0022978	9.47556	0.0126734
1758	-7.54933	0.00229709	9.47583	0.012669
1759	-7.54936	0.00229594	9.47567	0.0126628
1760	-7.54941	0.00229524	9.47536	0.0126593
1761	-7.54949	0.00229525	9.47491	0.0126602
1762	-7.54952	0.0022942	9.4747	0.0126547
1763	-7.54952	0.00229291	9.47473	0.0126476
1764	-7.54952	0.00229161	9.47474	0.0126404
1765	-7.5495	0.00229039	9.47487	0.0126339
1766	-7.54943	0.00229012	9.47527	0.0126334
1767	-7.5494	0.00228903	9.47546	0.0126276
1768	-7.54936	0.00228803	9.47566	0.0126221
1769	-7.54929	0.00228788	9.47606	0.0126213
1770	-7.54924	0.00228718	9.47638	0.0126181
1771	-7.54918	0.00228656	9.47671	0.0126152
1772	-7.54914	0.00228567	9.47697	0.0126108
1773	-7.54909	0.00228481	9.47722	0.0126063
1774	-7.54903	0.00228451	9.47761	0.012605
1775	-7.54893	0.00228545	9.47817	0.0126103
1776	-7.54884	0.00228565	9.47864	0.0126122
1777	-7.54877	0.00228545	9.47905	0.0126117
1778	-7.5487	0.00228519	9.47946	0.0126112
1779	-7.54862	0.00228549	9.47994	0.0126134
1780	-7.54848	0.00228842	9.48071	0.0126297
1781	-7.54836	0.00229006	9.48136	0.0126393
1782	-7.54823	0.00229282	9.4821	0.0126536
1783	-7.54809	0.00229586	9.48285	0.012669
1784	-7.54799	0.00229658	9.48337	0.0126726
1785	-7.54792	0.00229652	9.48378	0.0126722
1786	-7.54785	0.00229629	9.48418	0.0126712
1787	-7.54782	0.00229513	9.48432	0.0126649
1788	-7.5478	0.00229392	9.48443	0.0126583
1789	-7.54779	0.0022927	9.48452	0.0126516
1790	-7.54775	0.0022918	9.48478	0.0126471
1791	-7.54773	0.00229059	9.4849	0.0126407
1792	-7.54769	0.00228964	9.48515	0.0126359
1793	-7.54766	0.00228859	9.48535	0.0126305
1794	-7.54762	0.00228769	9.48559	0.0126258
1795	-7.54759	0.00228653	9.48572	0.0126194
1796	-7.54759	0.00228526	9.48575	0.0126124
1797	-7.54758	0.00228403	9.48585	0.0126058
1798	-7.54761	0.00228301	9.48567	0.0126001
1799	-7.54758	0.00228187	9.48582	0.012594
1800	-7.54759	0.0022806	9.48582	0.012587
1801	-7.5476	0.00227937	9.48576	0.0125802
1802	-7.5476	0.00227811	9.48577	0.0125732
1803	-7.54758	0.00227693	9.48589	0.0125667
1804	-7.54758	0.00227567	9.4859	0.0125598
1805	-7.54753	0.00227491	9.48617	0.0125557
1806	-7.54749	0.00227391	9.48637	0.0125503
1807	-7.54743	0.00227368	9.48675	0.0125491
1808	-7.54737	0.00227305	9.48705	0.0125458
1809	-7.54735	0.00227188	9.48716	0.0125394
1810	-7.54733	0.00227075	9.48729	0.0125331
1811	-7.54731	0.00226957	9.48738	0.0125265
1812	-7.54731	0.00226832	9.4874	0.0125196
1813	-7.54731	0.00226707	9.48736	0.0125128
1814	-7.54733	0.00226588	9.48727	0.0125062
1815	-7.5473	0.00226489	9.48744	0.0125005
1816	-7.54729	0.00226365	9.48743	0.0124936
1817	-7.54725	0.0022627	9.48762	0.0124882
1818	-7.54721	0.00226187	9.48783	0.0124831
1819	-7.54716	0.00226122	9.48809	0.012479
1820	-7.54714	0.00226009	9.48822	0.0124728
1821	-7.54713	0.00225887	9.48827	0.012466
1822	-7.5471	0.00225782	9.48843	0.0124602
1823	-7.54707	0.0022567	9.48856	0.0124541
1824	-7.54705	0.00225565	9.48874	0.0124485
1825	-7.54707	0.00225456	9.48859	0.0124425
1826	-7.5471	0.00225347	9.48845	0.0124365
1827	-7.54708	0.0022523	9.48854	0.01243
1828	-7.54706	0.00225113	9.48861	0.0124235
1829	-7.54701	0.00225044	9.48885	0.012419
1830	-7.54694	0.00225042	9.48923	0.012418
1831	-7.5469	0.00224958	9.48943	0.0124128
1832	-7.54689	0.00224835	9.48943	0.012406
1833	-7.54687	0.0022473	9.48956	0.0123999
1834	-7.54687	0.00224608	9.4895	0.0123933
1835	-7.54686	0.00224488	9.48953	0.0123866
1836	-7.54688	0.00224375	9.48941	0.0123806
1837	-7.54687	0.00224254	9.48945	0.0123739
1838	-7.54681	0.00224216	9.48977	0.0123713
1839	-7.54676	0.00224142	9.49001	0.0123669
1840	-7.54671	0.00224079	9.49026	0.0123628
1841	-7.54667	0.00224002	9.49049	0.0123581
1842	-7.54661	0.00223962	9.49081	0.0123555
1843	-7.54655	0.0022392	9.49112	0.0123528
1844	-7.54645	0.00223993	9.49163	0.0123567
1845	-7.54636	0.00224053	9.49214	0.0123602
1846	-7.5463	0.00224023	9.49247	0.0123581
1847	-7.54624	0.00223985	9.49281	0.012356
1848	-7.54616	0.00224012	9.49326	0.0123577
1849	-7.54611	0.00223934	9.49349	0.0123532
1850	-7.54603	0.00223967	9.49396	0.0123552
1851	-7.54598	0.00223894	9.4942	0.0123509
1852	-7.54592	0.00223859	9.49454	0.0123488
1853	-7.54588	0.00223778	9.49475	0.0123441
1854	-7.54587	0.00223661	9.49482	0.0123376
1855	-7.54586	0.00223541	9.49484	0.012331
1856	-7.54584	0.00223431	9.49494	0.0123247
1857	-7.54582	0.00223316	9.49503	0.0123184
1858	-7.54576	0.00223276	9.49536	0.0123161
1859	-7.54572	0.00223207	9.49562	0.0123122
1860	-7.54567	0.00223143	9.49588	0.0123084
1861	-7.54566	0.00223023	9.49589	0.0123018
1862	-7.54567	0.00222904	9.49586	0.0122952
1863	-7.54568	0.00222789	9.49577	0.012289
1864	-7.54567	0.00222672	9.49581	0.0122825
1865	-7.54563	0.00222585	9.49601	0.0122775
1866	-7.54555	0.00222632	9.49647	0.0122795
1867	-7.54544	0.00222767	9.49704	0.0122862
1868	-7.54535	0.00222827	9.49752	0.0122889
1869	-7.54528	0.00222828	9.49791	0.0122885
1870	-7.54523	0.00222771	9.4982	0.0122853
1871	-7.54516	0.0022276	9.49858	0.0122845
1872	-7.54512	0.00222679	9.49881	0.0122802
1873	-7.545	0.0022285	9.49944	0.0122901
1874	-7.54492	0.00222894	9.49991	0.0122923
1875	-7.54486	0.00222835	9.50018	0.0122887
1876	-7.54485	0.00222722	9.50027	0.0122824
1877	-7.54482	0.00222622	9.50041	0.0122767
1878	-7.54478	0.00222531	9.50061	0.0122718
1879	-7.54477	0.00222417	9.50069	0.0122655
1880	-7.54481	0.00222325	9.5005	0.0122604
1881	-7.54486	0.00222266	9.50021	0.0122573
1882	-7.54488	0.00222161	9.50006	0.0122517
1883	-7.54496	0.00222186	9.49961	0.0122534
1884	-7.54504	0.00222226	9.49914	0.0122561
1885	-7.54512	0.0022222	9.49874	0.0122562
1886	-7.54516	0.00222143	9.49848	0.0122524
1887	-7.54525	0.00222201	9.49799	0.0122559
1888	-7.54535	0.00222306	9.49743	0.0122618
1889	-7.54544	0.00222386	9.49692	0.0122663
1890	-7.54552	0.00222414	9.49648	0.0122676
1891	-7.54557	0.00222352	9.49622	0.0122638
1892	-7.54559	0.00222245	9.49613	0.0122577
1893	-7.54562	0.00222144	9.49602	0.0122517
1894	-7.54565	0.00222045	9.49589	0.0122459
1895	-7.54565	0.00221928	9.4959	0.0122395
1896	-7.54566	0.00221812	9.49589	0.012233
1897	-7.54569	0.00221715	9.49576	0.0122273
1898	-7.54569	0.00221598	9.49578	0.0122209
1899	-7.54571	0.00221489	9.49569	0.0122148
1900	-7.54571	0.00221373	9.4957	0.0122084
1901	-7.54568	0.00221273	9.49585	0.0122029
1902	-7.54566	0.00221163	9.49594	0.0121968
1903	-7.54562	0.00221085	9.49618	0.0121928
1904	-7.54555	0.00221099	9.49661	0.012194
1905	-7.5455	0.0022103	9.49687	0.0121904
1906	-7.54544	0.00221	9.49723	0.0121892
1907	-7.54543	0.00220887	9.4973	0.012183
1908	-7.54544	0.00220778	9.49722	0.0121769
1909	-7.54544	0.00220662	9.49723	0.0121705
1910	-7.54546	0.00220557	9.49712	0.0121647
1911	-7.54548	0.00220455	9.49701	0.0121588
1912	-7.5455	0.00220347	9.49694	0.0121527
1913	-7.54545	0.00220305	9.49726	0.0121505
1914	-7.54543	0.00220192	9.49732	0.0121443
1915	-7.5454	0.00220109	9.49754	0.01214
1916	-7.54537	0.00220011	9.49771	0.0121349
1917	-7.54532	0.00219963	9.49802	0.0121324
1918	-7.54523	0.00220015	9.49849	0.0121351
1919	-7.54515	0.0022005	9.49893	0.012137
1920	-7.54507	0.00220076	9.49935	0.0121379
1921	-7.54501	0.00220036	9.49966	0.0121355
1922	-7.54497	0.00219962	9.49989	0.0121314
1923	-7.54495	0.00219859	9.50001	0.0121257
1924	-7.5449	0.00219794	9.50026	0.012122
1925	-7.54493	0.00219693	9.50013	0.0121164
1926	-7.54495	0.00219596	9.49997	0.0121112
1927	-7.54499	0.00219509	9.49978	0.0121065
1928	-7.54502	0.00219412	9.49963	0.0121011
1929	-7.54508	0.0021938	9.49929	0.0120997
1930	-7.5451	0.00219276	9.49916	0.0120941
1931	-7.5451	0.00219164	9.4991	0.0120879
1932	-7.54513	0.00219068	9.49895	0.0120826
1933	-7.54517	0.00218992	9.49872	0.0120786
1934	-7.54519	0.00218884	9.49861	0.0120728
1935	-7.54522	0.00218789	9.49845	0.0120677
1936	-7.54524	0.00218688	9.49831	0.0120623
1937	-7.54529	0.00218639	9.49799	0.0120602
1938	-7.54535	0.00218609	9.49764	0.0120592
1939	-7.5454	0.00218545	9.49737	0.012056
1940	-7.54543	0.00218464	9.49716	0.0120516
1941	-7.54546	0.00218362	9.49704	0.012046
1942	-7.54549	0.00218278	9.49684	0.0120414
1943	-7.54552	0.00218185	9.4967	0.012036
1944	-7.54557	0.00218125	9.49646	0.0120323
1945	-7.5456	0.00218033	9.49631	0.012027
1946	-7.54558	0.00217929	9.49643	0.0120214
1947	-7.54558	0.00217818	9.49646	0.0120153
1948	-7.54554	0.00217744	9.4967	0.0120115
1949	-7.54549	0.00217681	9.49696	0.0120082
1950	-7.54543	0.00217655	9.49732	0.0120075
1951	-7.5454	0.00217566	9.4975	0.0120027
1952	-7.54535	0.00217495	9.49774	0.0119989
1953	-7.54529	0.00217468	9.49806	0.0119971
1954	-7.54522	0.0021747	9.49845	0.0119972
1955	-7.54521	0.00217361	9.49849	0.0119912
1956	-7.54521	0.00217252	9.49854	0.0119851
1957	-7.54523	0.00217153	9.4984	0.0119797
1958	-7.54524	0.00217045	9.49835	0.0119737
1959	-7.54524	0.00216935	9.49831	0.0119677
1960	-7.54525	0.00216824	9.49828	0.0119616
1961	-7.54524	0.00216715	9.4983	0.0119555
1962	-7.54525	0.00216605	9.49826	0.0119495
1963	-7.54522	0.0021651	9.4984	0.0119442
1964	-7.54526	0.00216427	9.4982	0.0119397
1965	-7.54531	0.0021638	9.49792	0.0119369
1966	-7.54539	0.00216407	9.49749	0.0119385
1967	-7.54544	0.00216358	9.49721	0.0119358
1968	-7.54549	0.00216311	9.49691	0.0119335
1969	-7.54555	0.00216274	9.49661	0.0119311
1970	-7.54557	0.00216184	9.49646	0.011926
1971	-7.54563	0.00216139	9.49617	0.0119236
1972	-7.5457	0.00216151	9.49575	0.0119247
1973	-7.54579	0.00216228	9.49524	0.0119296
1974	-7.54586	0.00216247	9.49482	0.0119312
1975	-7.5459	0.00216162	9.49463	0.0119266
1976	-7.54594	0.00216086	9.49443	0.0119223
1977	-7.54595	0.00215985	9.49432	0.0119167
1978	-7.54595	0.00215876	9.49432	0.0119107
1979	-7.54598	0.00215782	9.49418	0.0119056
1980	-7.54598	0.00215673	9.49417	0.0118996
1981	-7.54594	0.00215609	9.49441	0.011896
1982	-7.54589	0.00215559	9.49468	0.0118931
1983	-7.54585	0.00215478	9.49486	0.0118885
1984	-7.54581	0.002154	9.49506	0.0118842
1985	-7.54578	0.00215321	9.49525	0.0118797
1986	-7.54581	0.00215235	9.49507	0.011875
1987	-7.54584	0.00215146	9.4949	0.0118703
1988	-7.54585	0.00215041	9.49483	0.0118645
1989	-7.54584	0.00214934	9.49486	0.0118586
1990	-7.54584	0.00214826	9.4949	0.0118527
1991	-7.54586	0.00214731	9.49477	0.0118474
1992	-7.54588	0.00214637	9.49463	0.0118424
1993	-7.54589	0.0021453	9.49462	0.0118364
1994	-7.54591	0.00214431	9.4945	0.0118311
1995	-7.54588	0.00214345	9.49467	0.0118263
1996	-7.54582	0.00214306	9.49497	0.0118241
1997	-7.54579	0.00214224	9.49513	0.0118194
1998	-7.5458	0.00214122	9.49504	0.0118139
1999	-7.54585	0.00214071	9.49476	0.0118112
2000	-7.54589	0.00213989	9.49457	0.0118068
