# Blocco	Energia Media	Errore Energia	Pressione Media	Errore Pressione
1	-6.61507	0.0	-4.19645	0.0
2	-6.55829	0.040152	-3.85995	0.237939
3	-6.50933	0.048106	-3.58642	0.273934
4	-6.46618	0.0519424	-3.33128	0.301714
5	-6.42053	0.0582613	-3.06984	0.336068
6	-6.38058	0.0607194	-2.84788	0.345669
7	-6.35141	0.0586338	-2.68859	0.330962
8	-6.33208	0.054398	-2.5819	0.306306
9	-6.31444	0.0511354	-2.48271	0.287885
10	-6.29926	0.0482235	-2.40465	0.26947
11	-6.28841	0.0450421	-2.34675	0.251117
12	-6.27032	0.0447765	-2.24665	0.249344
13	-6.2483	0.0464304	-2.1304	0.255831
14	-6.22659	0.0479224	-2.01649	0.261694
15	-6.20404	0.0497498	-1.89902	0.269325
16	-6.18704	0.0494581	-1.80314	0.269017
17	-6.16912	0.0496903	-1.70523	0.270423
18	-6.15276	0.0495512	-1.61153	0.271146
19	-6.13672	0.0494695	-1.5185	0.27237
20	-6.12238	0.0490322	-1.43486	0.271289
21	-6.10961	0.04833	-1.36022	0.268442
22	-6.09982	0.0471157	-1.29851	0.263238
23	-6.09047	0.0459844	-1.24188	0.257812
24	-6.08059	0.0451177	-1.18577	0.253103
25	-6.07191	0.0441393	-1.13901	0.24726
26	-6.06536	0.0429256	-1.10185	0.240526
27	-6.05499	0.0425687	-1.04989	0.237164
28	-6.04302	0.0426998	-0.989275	0.236312
29	-6.03563	0.0418617	-0.950896	0.231259
30	-6.03216	0.0406095	-0.932087	0.224314
31	-6.02528	0.0398783	-0.898972	0.219509
32	-6.01718	0.0394467	-0.861392	0.215842
33	-6.00979	0.0389382	-0.825598	0.212249
34	-6.00257	0.0384566	-0.789214	0.209101
35	-5.99905	0.0375186	-0.768996	0.204102
36	-5.99264	0.0370188	-0.736877	0.200944
37	-5.99128	0.0360435	-0.727446	0.195734
38	-5.98833	0.035215	-0.710772	0.191292
39	-5.98566	0.0344136	-0.691963	0.18731
40	-5.98161	0.0337907	-0.670723	0.183827
41	-5.97733	0.0332357	-0.647673	0.180783
42	-5.97444	0.0325705	-0.617464	0.173632
43	-5.97162	0.0319346	-0.602402	0.170338
44	-5.9689	0.0313244	-0.580495	0.167955
45	-5.96449	0.0309377	-0.555125	0.166209
46	-5.9595	0.030664	-0.527072	0.165023
47	-5.95425	0.0304586	-0.498441	0.16405
48	-5.94839	0.030381	-0.470657	0.163038
49	-5.9429	0.0302537	-0.447891	0.161359
50	-5.93896	0.0299044	-0.429301	0.159262
51	-5.93573	0.0294913	-0.411219	0.157223
52	-5.93236	0.0291166	-0.39218	0.155405
53	-5.92859	0.0288095	-0.368874	0.154265
54	-5.92394	0.0286488	-0.342195	0.153749
55	-5.91885	0.0285771	-0.310893	0.154157
56	-5.91275	0.0287113	-0.286713	0.153337
57	-5.90794	0.0286075	-0.262309	0.152623
58	-5.90288	0.0285586	-0.238702	0.151851
59	-5.89803	0.0284835	-0.21398	0.151319
60	-5.89305	0.0284409	-0.186034	0.151397
61	-5.88721	0.0285667	-0.15148	0.152848
62	-5.87997	0.0290105	-0.121521	0.15333
63	-5.87377	0.0292032	-0.0950649	0.153199
64	-5.86796	0.0293192	-0.0676828	0.15327
65	-5.86193	0.0294814	-0.0406335	0.153316
66	-5.8558	0.0296662	-0.0126281	0.153564
67	-5.84966	0.0298524	0.0157034	0.153897
68	-5.84349	0.0300447	0.037146	0.153153
69	-5.83906	0.0299338	0.0557807	0.152095
70	-5.83489	0.0297944	0.070746	0.150687
71	-5.83152	0.0295646	0.0865681	0.149422
72	-5.82818	0.0293429	0.102441	0.148216
73	-5.82475	0.0291402	0.120444	0.147303
74	-5.82099	0.0289883	0.135981	0.146156
75	-5.81799	0.0287561	0.152506	0.145164
76	-5.81492	0.0285415	0.170454	0.144384
77	-5.81124	0.028407	0.186739	0.143448
78	-5.80785	0.028244	0.201747	0.142415
79	-5.80486	0.0280451	0.215775	0.141324
80	-5.80216	0.0278241	0.22968	0.140262
81	-5.79979	0.0275813	0.245415	0.139431
82	-5.79679	0.0274075	0.264441	0.139043
83	-5.79298	0.0273408	0.283925	0.138747
84	-5.78908	0.0272919	0.300573	0.138109
85	-5.78577	0.0271706	0.320196	0.13789
86	-5.78212	0.0270986	0.337112	0.137339
87	-5.77921	0.0269433	0.351093	0.136488
88	-5.77701	0.0267271	0.366983	0.135877
89	-5.77414	0.0265804	0.383734	0.135395
90	-5.77094	0.0264765	0.393407	0.134253
91	-5.76941	0.0262295	0.40132	0.133026
92	-5.76811	0.0259768	0.417716	0.132603
93	-5.7648	0.0259074	0.435489	0.132378
94	-5.76145	0.0258481	0.452074	0.132019
95	-5.75821	0.0257782	0.464463	0.131224
96	-5.75608	0.025597	0.480074	0.130796
97	-5.75324	0.0254907	0.494737	0.130281
98	-5.75046	0.0253819	0.507958	0.129634
99	-5.74802	0.025242	0.519715	0.12887
100	-5.74585	0.0250832	0.527957	0.127857
101	-5.74452	0.0248697	0.538706	0.127055
102	-5.74261	0.0246995	0.54713	0.1261
103	-5.7412	0.0244997	0.556366	0.125225
104	-5.73954	0.0243201	0.564639	0.124306
105	-5.73824	0.0241236	0.572061	0.123354
106	-5.737	0.023928	0.579902	0.122451
107	-5.73578	0.023735	0.590716	0.121793
108	-5.73402	0.0235806	0.599745	0.12101
109	-5.73271	0.0234007	0.608426	0.120221
110	-5.73129	0.0232311	0.617719	0.119497
111	-5.72984	0.0230672	0.629566	0.119015
112	-5.72762	0.0229677	0.643443	0.118768
113	-5.72501	0.022912	0.657283	0.11853
114	-5.72237	0.0228629	0.671941	0.118402
115	-5.71942	0.0228536	0.685749	0.118184
116	-5.71657	0.0228337	0.705662	0.11884
117	-5.7123	0.0230341	0.71804	0.118476
118	-5.70971	0.022984	0.724624	0.117663
119	-5.7085	0.0228224	0.730907	0.11685
120	-5.70746	0.0226559	0.739406	0.116193
121	-5.70584	0.0225265	0.746167	0.115437
122	-5.70475	0.0223684	0.754709	0.114814
123	-5.70312	0.0222455	0.763084	0.114193
124	-5.70157	0.0221201	0.77519	0.11392
125	-5.69929	0.022061	0.790076	0.113984
126	-5.69674	0.0220324	0.80483	0.114037
127	-5.69426	0.021998	0.820878	0.11427
128	-5.69135	0.0220181	0.837057	0.114524
129	-5.68827	0.0220616	0.851652	0.114569
130	-5.6855	0.0220655	0.86605	0.114596
131	-5.68296	0.0220425	0.880894	0.114685
132	-5.68016	0.0220524	0.897206	0.114977
133	-5.67702	0.0221091	0.912974	0.115195
134	-5.67393	0.0221586	0.926994	0.115192
135	-5.67124	0.022158	0.941784	0.11529
136	-5.66854	0.0221588	0.955972	0.115318
137	-5.6661	0.022131	0.967012	0.11501
138	-5.66447	0.0220307	0.975554	0.114499
139	-5.66316	0.0219106	0.985371	0.114101
140	-5.66152	0.0218156	0.992225	0.113498
141	-5.66058	0.0216811	0.998857	0.112892
142	-5.65973	0.021545	1.00569	0.112309
143	-5.65878	0.0214156	1.01333	0.111789
144	-5.65762	0.0212979	1.02038	0.11124
145	-5.65659	0.0211761	1.02814	0.110749
146	-5.65534	0.0210679	1.03323	0.110112
147	-5.65475	0.020933	1.0378	0.109463
148	-5.65417	0.0207995	1.04273	0.108839
149	-5.65337	0.0206753	1.0495	0.108324
150	-5.65219	0.0205711	1.05329	0.107673
151	-5.65167	0.0204413	1.05887	0.107109
152	-5.65075	0.0203275	1.0654	0.106608
153	-5.6497	0.0202219	1.07314	0.106196
154	-5.64829	0.0201398	1.08006	0.105736
155	-5.64707	0.0200468	1.0883	0.105379
156	-5.64542	0.0199859	1.09729	0.10509
157	-5.64366	0.0199361	1.10292	0.104576
158	-5.64266	0.0198346	1.11063	0.104202
159	-5.64119	0.0197647	1.12177	0.104145
160	-5.63902	0.0197599	1.13279	0.10408
161	-5.63674	0.0197679	1.14204	0.103847
162	-5.63487	0.0197344	1.15131	0.103623
163	-5.63304	0.0196981	1.15894	0.103272
164	-5.63153	0.0196357	1.16761	0.103008
165	-5.62986	0.0195874	1.17451	0.102619
166	-5.62855	0.0195132	1.18285	0.102343
167	-5.62687	0.0194683	1.19102	0.10206
168	-5.62528	0.0194175	1.19834	0.101717
169	-5.62399	0.0193457	1.20953	0.101733
170	-5.62179	0.0193559	1.21994	0.101669
171	-5.6199	0.0193353	1.22942	0.101519
172	-5.6182	0.0192974	1.23717	0.101227
173	-5.61689	0.0192301	1.24409	0.100882
174	-5.61573	0.0191547	1.25068	0.100521
175	-5.61455	0.0190816	1.26169	0.100551
176	-5.61237	0.019097	1.27299	0.100616
177	-5.61024	0.0191074	1.2834	0.100588
178	-5.60827	0.0191019	1.29294	0.100477
179	-5.60641	0.0190853	1.30159	0.10029
180	-5.60485	0.0190426	1.30886	0.0999992
181	-5.60355	0.0189819	1.31464	0.0996167
182	-5.60255	0.0189037	1.32192	0.0993379
183	-5.60122	0.0188474	1.3281	0.09899
184	-5.60017	0.018774	1.33453	0.0986638
185	-5.59909	0.0187037	1.34006	0.0982881
186	-5.59803	0.0186334	1.34431	0.0978546
187	-5.59723	0.0185509	1.34984	0.0974899
188	-5.5961	0.0184865	1.35439	0.0970804
189	-5.59526	0.0184079	1.35751	0.0966195
190	-5.59475	0.018318	1.36024	0.0961522
191	-5.59437	0.0182259	1.36225	0.0956723
192	-5.59413	0.0181326	1.36584	0.0952442
193	-5.59353	0.0180485	1.36934	0.0948174
194	-5.59295	0.0179651	1.37333	0.0944151
195	-5.59225	0.0178862	1.3776	0.0940299
196	-5.59163	0.017806	1.38197	0.093654
197	-5.59094	0.0177288	1.38573	0.0932566
198	-5.59039	0.017648	1.39035	0.0929021
199	-5.58951	0.0175809	1.39456	0.092533
200	-5.58867	0.0175131	1.3964	0.0920909
201	-5.58828	0.0174304	1.3987	0.0916638
202	-5.58781	0.0173504	1.39947	0.0912155
203	-5.58771	0.0172652	1.40283	0.0908302
204	-5.58703	0.0171937	1.4066	0.0904651
205	-5.58633	0.0171244	1.41049	0.0901096
206	-5.58564	0.0170549	1.41331	0.0897185
207	-5.58509	0.0169814	1.41787	0.0894027
208	-5.58421	0.0169228	1.42238	0.0890889
209	-5.58349	0.0168571	1.42666	0.0887675
210	-5.58276	0.0167925	1.43106	0.0884556
211	-5.58184	0.0167383	1.43463	0.0881104
212	-5.5811	0.0166758	1.44004	0.0878625
213	-5.58003	0.0166314	1.44464	0.0875724
214	-5.57916	0.0165764	1.44902	0.0872746
215	-5.57834	0.0165197	1.45424	0.0870263
216	-5.57737	0.0164718	1.45827	0.0867188
217	-5.57665	0.0164115	1.46065	0.0863535
218	-5.57636	0.0163389	1.4627	0.0859837
219	-5.57611	0.016266	1.46447	0.0856109
220	-5.57603	0.0161923	1.46521	0.0852268
221	-5.57618	0.0161197	1.46466	0.0848446
222	-5.57652	0.0160506	1.46496	0.0844647
223	-5.57671	0.0159798	1.46733	0.0841209
224	-5.57642	0.015911	1.46937	0.0837716
225	-5.5762	0.0158418	1.47206	0.0834441
226	-5.57581	0.0157765	1.47404	0.0831002
227	-5.57554	0.0157093	1.4766	0.0827752
228	-5.57523	0.0156435	1.47745	0.0824181
229	-5.57524	0.0155752	1.47955	0.0820863
230	-5.57503	0.0155089	1.48284	0.0817971
231	-5.57457	0.0154487	1.48375	0.0814496
232	-5.57456	0.0153821	1.4854	0.0811168
233	-5.57433	0.0153178	1.48722	0.0807904
234	-5.57411	0.0152538	1.48994	0.0804924
235	-5.57357	0.0151985	1.49157	0.0801678
236	-5.57333	0.015136	1.49257	0.0798358
237	-5.57312	0.0150736	1.49431	0.0795194
238	-5.57271	0.0150156	1.4968	0.0792256
239	-5.57221	0.0149613	1.49991	0.0789565
240	-5.57146	0.0149176	1.50122	0.0786397
241	-5.57123	0.0148575	1.50392	0.078361
242	-5.5706	0.0148095	1.50664	0.0780857
243	-5.56993	0.0147637	1.50922	0.0778083
244	-5.56933	0.0147154	1.51133	0.0775195
245	-5.56893	0.0146609	1.51165	0.077205
246	-5.56893	0.0146013	1.51483	0.076958
247	-5.56826	0.0145576	1.51709	0.0766809
248	-5.56771	0.0145091	1.51931	0.0764051
249	-5.56716	0.0144614	1.52298	0.0761873
250	-5.56625	0.014432	1.52729	0.0760059
251	-5.5652	0.0144129	1.52941	0.0757339
252	-5.5647	0.0143643	1.53064	0.0754445
253	-5.56445	0.0143098	1.53168	0.0751547
254	-5.5642	0.0142555	1.534	0.0748956
255	-5.56379	0.0142056	1.53536	0.0746155
256	-5.56357	0.0141519	1.5361	0.0743288
257	-5.56347	0.0140971	1.53444	0.0740592
258	-5.56399	0.0140519	1.53376	0.0737763
259	-5.56417	0.0139988	1.53298	0.0734967
260	-5.56442	0.0139472	1.5337	0.0732187
261	-5.56437	0.0138938	1.53551	0.0729614
262	-5.56411	0.0138432	1.53588	0.0726849
263	-5.56417	0.0137907	1.5363	0.0724109
264	-5.56428	0.0137389	1.5379	0.0721552
265	-5.56408	0.0136886	1.53989	0.0719113
266	-5.56379	0.0136402	1.54194	0.0716712
267	-5.56342	0.0135942	1.5459	0.0715129
268	-5.56263	0.0135663	1.54868	0.0713014
269	-5.5621	0.0135264	1.55062	0.0710635
270	-5.56172	0.0134816	1.55136	0.0708052
271	-5.5616	0.0134324	1.5505	0.0705501
272	-5.56187	0.0133858	1.54995	0.0702938
273	-5.56198	0.0133372	1.54962	0.070038
274	-5.56209	0.013289	1.54947	0.0697835
275	-5.56213	0.0132407	1.54922	0.0695311
276	-5.56222	0.013193	1.54956	0.0692809
277	-5.56209	0.013146	1.55119	0.069051
278	-5.56175	0.0131032	1.55297	0.0688265
279	-5.5613	0.0130641	1.55522	0.0686173
280	-5.56077	0.0130282	1.55743	0.0684089
281	-5.56025	0.0129919	1.55965	0.0682021
282	-5.55975	0.0129558	1.56206	0.0680037
283	-5.55919	0.0129218	1.56369	0.0677839
284	-5.5588	0.0128823	1.56537	0.0675667
285	-5.55848	0.012841	1.56689	0.0673476
286	-5.55821	0.012799	1.5694	0.0671598
287	-5.55771	0.0127643	1.57302	0.0670239
288	-5.55696	0.012742	1.57635	0.0668746
289	-5.55627	0.0127162	1.57959	0.0667227
290	-5.55566	0.0126873	1.58242	0.0665533
291	-5.55514	0.0126542	1.58383	0.0663403
292	-5.55495	0.0126123	1.5842	0.0661149
293	-5.55497	0.0125693	1.58408	0.0658901
294	-5.555	0.0125266	1.5835	0.0656694
295	-5.55515	0.012485	1.5836	0.0654476
296	-5.55508	0.012443	1.58305	0.0652295
297	-5.55514	0.0124012	1.5823	0.0650149
298	-5.55529	0.0123604	1.58145	0.0648031
299	-5.55544	0.0123201	1.57973	0.0646097
300	-5.55576	0.012283	1.57864	0.0644043
301	-5.55592	0.0122433	1.57816	0.0641929
302	-5.55597	0.0122029	1.57565	0.06403
303	-5.55653	0.0121752	1.57411	0.0638379
304	-5.55687	0.0121399	1.57317	0.0636356
305	-5.55712	0.0121028	1.57156	0.0634478
306	-5.55752	0.0120697	1.56956	0.0632727
307	-5.55801	0.0120405	1.56858	0.0630749
308	-5.55828	0.0120042	1.56914	0.0628732
309	-5.55818	0.0119658	1.56937	0.0626708
310	-5.55813	0.0119273	1.56992	0.0624717
311	-5.55808	0.011889	1.57044	0.0622736
312	-5.55804	0.011851	1.57082	0.0620758
313	-5.55808	0.0118132	1.5702	0.0618813
314	-5.55831	0.0117778	1.56983	0.0616859
315	-5.5585	0.011742	1.56855	0.0615041
316	-5.55888	0.011711	1.56646	0.0613456
317	-5.55934	0.0116829	1.56583	0.0611559
318	-5.55948	0.0116471	1.56463	0.0609759
319	-5.55974	0.0116135	1.56449	0.0607855
320	-5.55988	0.0115779	1.56512	0.0605993
321	-5.55987	0.0115419	1.56474	0.0604123
322	-5.56001	0.011507	1.5645	0.0602258
323	-5.5601	0.0114716	1.56506	0.0600425
324	-5.55998	0.0114369	1.56463	0.0598593
325	-5.56006	0.011402	1.56445	0.059676
326	-5.56009	0.011367	1.56401	0.0594951
327	-5.5602	0.0113328	1.56569	0.0593375
328	-5.55983	0.0113041	1.56706	0.059173
329	-5.55956	0.0112731	1.56774	0.0589976
330	-5.5595	0.0112391	1.56846	0.0588237
331	-5.55944	0.0112052	1.56917	0.0586508
332	-5.55937	0.0111717	1.57046	0.0584889
333	-5.55916	0.0111402	1.57115	0.0583179
334	-5.55914	0.0111068	1.57139	0.0581443
335	-5.55921	0.0110739	1.57271	0.0579863
336	-5.55908	0.0110418	1.57437	0.0578379
337	-5.55887	0.0110111	1.57585	0.0576857
338	-5.55871	0.0109797	1.57669	0.0575217
339	-5.55867	0.0109473	1.57778	0.0573629
340	-5.55852	0.0109161	1.57782	0.0571947
341	-5.55861	0.0108844	1.57846	0.0570309
342	-5.55854	0.0108528	1.57782	0.0568682
343	-5.55878	0.0108237	1.57697	0.0567092
344	-5.55904	0.0107955	1.57776	0.0565503
345	-5.55896	0.0107645	1.57781	0.0563868
346	-5.55899	0.0107335	1.57732	0.0562264
347	-5.55912	0.0107033	1.57697	0.056066
348	-5.55924	0.0106732	1.57671	0.0559059
349	-5.55933	0.010643	1.57574	0.0557547
350	-5.55958	0.0106155	1.57479	0.0556038
351	-5.55983	0.0105883	1.57502	0.0554464
352	-5.55981	0.0105582	1.57576	0.0552941
353	-5.55969	0.010529	1.57483	0.0551457
354	-5.55989	0.0105012	1.5742	0.0549939
355	-5.56004	0.0104727	1.57256	0.0548639
356	-5.56035	0.0104479	1.57017	0.0547624
357	-5.56086	0.0104307	1.56887	0.0546248
358	-5.5611	0.0104043	1.56869	0.054473
359	-5.56106	0.0103754	1.56837	0.0543226
360	-5.56111	0.0103467	1.56787	0.0541744
361	-5.56121	0.0103185	1.56795	0.0540248
362	-5.56117	0.0102901	1.56769	0.0538766
363	-5.56121	0.0102618	1.5672	0.0537308
364	-5.56135	0.0102345	1.56663	0.0535867
365	-5.56149	0.0102074	1.56636	0.053441
366	-5.5616	0.0101801	1.56657	0.0532958
367	-5.5616	0.0101524	1.5672	0.0531547
368	-5.56153	0.010125	1.56853	0.0530274
369	-5.5613	0.0101003	1.5685	0.0528841
370	-5.5614	0.0100736	1.56898	0.0527437
371	-5.56137	0.0100465	1.57028	0.052618
372	-5.56116	0.0100217	1.57284	0.0525393
373	-5.56067	0.0100067	1.57476	0.0524337
374	-5.56028	0.00998772	1.57661	0.0523265
375	-5.55988	0.00996909	1.57895	0.0522398
376	-5.55936	0.0099561	1.58104	0.0521428
377	-5.55888	0.00994105	1.58299	0.0520416
378	-5.55844	0.00992455	1.58449	0.0519256
379	-5.55814	0.00990276	1.58638	0.0518235
380	-5.55773	0.00988554	1.58762	0.0517023
381	-5.55744	0.0098636	1.58791	0.0515677
382	-5.55738	0.009838	1.58808	0.0514334
383	-5.55736	0.00981234	1.58811	0.0512995
384	-5.55734	0.0097868	1.58844	0.0511673
385	-5.55728	0.00976161	1.58804	0.0510362
386	-5.55739	0.00973692	1.5876	0.0509063
387	-5.55749	0.00971232	1.5871	0.0507775
388	-5.55757	0.00968762	1.58657	0.0506497
389	-5.55768	0.00966334	1.58519	0.0505388
390	-5.55798	0.0096432	1.5843	0.0504173
391	-5.55816	0.00962021	1.58323	0.0503002
392	-5.55843	0.00959957	1.58159	0.0501989
393	-5.55882	0.009583	1.58018	0.0500912
394	-5.55915	0.00956445	1.57948	0.0499693
395	-5.55934	0.00954203	1.57911	0.0498445
396	-5.55944	0.00951848	1.57897	0.0497191
397	-5.55953	0.0094949	1.57885	0.0495943
398	-5.55958	0.0094712	1.57732	0.0494938
399	-5.55992	0.0094534	1.57616	0.0493836
400	-5.56014	0.00943247	1.57476	0.0492804
401	-5.56044	0.00941366	1.57411	0.049162
402	-5.5606	0.00939153	1.57474	0.049044
403	-5.56048	0.00936899	1.57511	0.0489241
404	-5.56038	0.00934628	1.57499	0.0488034
405	-5.56032	0.00932339	1.57354	0.0487047
406	-5.56062	0.0093051	1.57109	0.0486464
407	-5.56115	0.00929719	1.56905	0.04857
408	-5.56159	0.00928513	1.56754	0.0484747
409	-5.56183	0.00926534	1.56625	0.0483737
410	-5.562	0.00924433	1.56596	0.0482569
411	-5.56192	0.00922219	1.56519	0.048146
412	-5.56201	0.0092003	1.5651	0.0480295
413	-5.56194	0.00917831	1.56526	0.0479137
414	-5.56182	0.00915695	1.56541	0.0477985
415	-5.56173	0.00913529	1.56588	0.047686
416	-5.5616	0.0091143	1.56534	0.0475748
417	-5.56168	0.0090928	1.56497	0.0474623
418	-5.56171	0.00907109	1.56547	0.0473517
419	-5.56154	0.00905106	1.5662	0.0472445
420	-5.56134	0.00903163	1.56643	0.0471329
421	-5.56126	0.00901049	1.56604	0.0470227
422	-5.56139	0.00898997	1.56701	0.0469215
423	-5.56118	0.0089711	1.56681	0.0468112
424	-5.56119	0.00894995	1.56692	0.0467012
425	-5.56114	0.00892904	1.56778	0.0465995
426	-5.56088	0.0089119	1.56818	0.0464921
427	-5.56074	0.00889213	1.56803	0.0463837
428	-5.56075	0.00887136	1.56827	0.0462762
429	-5.56066	0.00885114	1.56858	0.0461696
430	-5.56056	0.00883106	1.56901	0.0460645
431	-5.56041	0.00881194	1.56963	0.0459621
432	-5.56026	0.00879278	1.57027	0.0458603
433	-5.56016	0.00877308	1.57119	0.0457638
434	-5.55992	0.00875601	1.57155	0.0456601
435	-5.55982	0.00873647	1.57167	0.0455555
436	-5.55977	0.00871657	1.57261	0.0454609
437	-5.5595	0.0087008	1.57197	0.0453616
438	-5.55959	0.00868138	1.57194	0.0452583
439	-5.55953	0.00866182	1.57187	0.0451555
440	-5.55948	0.00864224	1.57116	0.0450587
441	-5.55961	0.0086236	1.57043	0.0449627
442	-5.55974	0.00860508	1.569	0.044884
443	-5.56004	0.00859075	1.56846	0.0447861
444	-5.5601	0.00857163	1.56762	0.0446934
445	-5.56026	0.00855389	1.56692	0.0445987
446	-5.56039	0.0085356	1.56636	0.0445024
447	-5.56052	0.00851754	1.56561	0.0444093
448	-5.56066	0.00849968	1.5651	0.0443134
449	-5.56075	0.0084812	1.56401	0.0442283
450	-5.56092	0.00846413	1.56225	0.0441652
451	-5.56125	0.00845163	1.56115	0.0440813
452	-5.56145	0.00843538	1.56093	0.0439846
453	-5.56147	0.00841678	1.56115	0.0438882
454	-5.56142	0.0083984	1.56122	0.0437918
455	-5.56138	0.00838004	1.56126	0.0436958
456	-5.56136	0.00836168	1.56175	0.0436029
457	-5.56127	0.00834385	1.56256	0.0435152
458	-5.56106	0.00832836	1.5632	0.0434251
459	-5.56091	0.00831155	1.56319	0.0433307
460	-5.56089	0.0082935	1.56334	0.043237
461	-5.56087	0.00827555	1.5639	0.0431471
462	-5.56075	0.00825847	1.56358	0.043055
463	-5.56083	0.00824104	1.56323	0.0429637
464	-5.56092	0.00822372	1.56251	0.0428774
465	-5.56112	0.00820844	1.56285	0.0427868
466	-5.56109	0.00819086	1.56395	0.0427094
467	-5.56085	0.00817699	1.56485	0.0426276
468	-5.56069	0.00816104	1.56559	0.0425432
469	-5.56054	0.00814497	1.56658	0.0424641
470	-5.56036	0.00812976	1.56802	0.0423982
471	-5.56007	0.00811757	1.56886	0.0423167
472	-5.55984	0.00810365	1.56997	0.0422419
473	-5.55959	0.00809029	1.57127	0.0421728
474	-5.55936	0.00807654	1.57157	0.0420851
475	-5.55934	0.00805956	1.57267	0.0420111
476	-5.55917	0.00804439	1.5738	0.0419381
477	-5.559	0.0080293	1.57501	0.0418679
478	-5.55884	0.00801418	1.57572	0.0417866
479	-5.55878	0.00799765	1.57609	0.0417012
480	-5.55876	0.00798102	1.57612	0.0416145
481	-5.55879	0.00796447	1.57627	0.0415284
482	-5.55876	0.00794798	1.57717	0.0414522
483	-5.55861	0.00793302	1.57765	0.0413692
484	-5.55854	0.00791691	1.57764	0.0412839
485	-5.55855	0.00790059	1.57671	0.0412095
486	-5.55876	0.00788718	1.57555	0.041141
487	-5.55906	0.00787668	1.57513	0.0410589
488	-5.55919	0.0078616	1.57414	0.0409867
489	-5.55941	0.00784874	1.5736	0.0409066
490	-5.55956	0.00783412	1.57343	0.0408237
491	-5.55956	0.00781816	1.57358	0.040741
492	-5.55952	0.00780238	1.57394	0.0406599
493	-5.55943	0.00778709	1.5747	0.0405847
494	-5.55923	0.00777379	1.57629	0.0405338
495	-5.55889	0.00776579	1.57777	0.0404791
496	-5.55854	0.00775786	1.57934	0.0404283
497	-5.55817	0.00775091	1.58063	0.0403677
498	-5.55783	0.00774297	1.58176	0.0403025
499	-5.55756	0.00773215	1.58188	0.040222
500	-5.55751	0.00771688	1.58295	0.0401559
501	-5.55725	0.00770576	1.5838	0.0400848
502	-5.55703	0.00769341	1.58401	0.0400057
503	-5.557	0.00767821	1.58335	0.0399317
504	-5.55713	0.0076642	1.58363	0.0398537
505	-5.5571	0.00764912	1.58373	0.039775
506	-5.55706	0.00763407	1.58406	0.039698
507	-5.55695	0.00761992	1.58445	0.0396217
508	-5.55684	0.0076056	1.58466	0.0395444
509	-5.55681	0.00759072	1.58497	0.0394681
510	-5.55674	0.00757619	1.5858	0.0393996
511	-5.55656	0.0075636	1.58659	0.0393305
512	-5.55642	0.00755	1.58625	0.0392553
513	-5.55651	0.00753583	1.58609	0.0391792
514	-5.55657	0.00752134	1.58585	0.0391039
515	-5.55661	0.00750688	1.58543	0.0390303
516	-5.55671	0.00749298	1.58575	0.0389561
517	-5.55669	0.00747852	1.58633	0.0388853
518	-5.5566	0.00746455	1.58727	0.0388217
519	-5.55642	0.0074525	1.58845	0.038765
520	-5.55621	0.00744102	1.5891	0.038696
521	-5.55613	0.00742716	1.5905	0.0386472
522	-5.55589	0.00741675	1.5914	0.0385839
523	-5.55569	0.00740524	1.59213	0.0385172
524	-5.55548	0.00739421	1.59174	0.0384459
525	-5.55555	0.00738051	1.59183	0.0383729
526	-5.55551	0.00736663	1.59225	0.0383024
527	-5.55541	0.00735328	1.59238	0.0382301
528	-5.55538	0.00733941	1.59208	0.038159
529	-5.55546	0.00732597	1.59206	0.038087
530	-5.5555	0.00731226	1.59171	0.0380169
531	-5.55557	0.0072988	1.59154	0.0379459
532	-5.5556	0.00728514	1.59218	0.0378801
533	-5.5554	0.00727418	1.59306	0.0378195
534	-5.55516	0.00726433	1.5937	0.0377542
535	-5.555	0.00725259	1.59353	0.0376842
536	-5.55499	0.00723906	1.59364	0.0376142
537	-5.55492	0.00722598	1.59413	0.0375474
538	-5.55476	0.00721421	1.59422	0.0374779
539	-5.55472	0.00720096	1.5948	0.0374129
540	-5.55455	0.00718959	1.59605	0.0373646
541	-5.55422	0.00718382	1.59686	0.0373044
542	-5.554	0.00717393	1.59752	0.0372416
543	-5.55383	0.00716268	1.5988	0.0371951
544	-5.55353	0.00715602	1.59974	0.0371388
545	-5.55326	0.00714795	1.6005	0.0370785
546	-5.55305	0.00713798	1.60021	0.0370119
547	-5.55305	0.00712493	1.60033	0.0369446
548	-5.55296	0.00711255	1.60072	0.0368793
549	-5.55282	0.00710108	1.59986	0.0368223
550	-5.55294	0.00708929	1.59892	0.0367676
551	-5.5531	0.00707818	1.5982	0.0367079
552	-5.55317	0.00706575	1.5976	0.0366465
553	-5.55327	0.00705363	1.59675	0.0365903
554	-5.55345	0.00704326	1.59591	0.0365339
555	-5.55362	0.00703265	1.59532	0.036473
556	-5.55373	0.00702075	1.59535	0.0364075
557	-5.55368	0.00700827	1.59512	0.036343
558	-5.55372	0.00699581	1.59556	0.0362807
559	-5.55362	0.00698405	1.59532	0.0362168
560	-5.55368	0.00697187	1.59503	0.0361533
561	-5.55378	0.00696016	1.59513	0.0360891
562	-5.55377	0.00694778	1.59556	0.0360276
563	-5.55371	0.00693573	1.59595	0.0359658
564	-5.55364	0.00692377	1.59572	0.0359029
565	-5.5537	0.00691179	1.59559	0.0358397
566	-5.55376	0.00689979	1.59633	0.0357841
567	-5.55364	0.00688869	1.59705	0.0357284
568	-5.55351	0.00687774	1.59837	0.0356898
569	-5.55325	0.00687047	1.59951	0.0356455
570	-5.55302	0.00686225	1.60059	0.0355994
571	-5.5528	0.00685398	1.60178	0.0355571
572	-5.55255	0.00684635	1.60285	0.0355112
573	-5.55231	0.00683852	1.60349	0.035455
574	-5.55216	0.00682822	1.6041	0.0353986
575	-5.55199	0.00681851	1.60523	0.0353551
576	-5.5517	0.00681299	1.60629	0.0353098
577	-5.55141	0.00680731	1.60743	0.035267
578	-5.5511	0.00680274	1.60806	0.0352118
579	-5.55092	0.00679317	1.60898	0.0351631
580	-5.55072	0.00678466	1.60864	0.0351043
581	-5.55075	0.00677305	1.60862	0.035044
582	-5.55071	0.00676149	1.60822	0.0349862
583	-5.55077	0.00675017	1.60874	0.0349302
584	-5.55063	0.00674024	1.60909	0.0348722
585	-5.5505	0.00672992	1.60903	0.0348127
586	-5.55042	0.00671889	1.60862	0.0347558
587	-5.55045	0.00670749	1.6083	0.0346982
588	-5.55043	0.0066961	1.60728	0.0346542
589	-5.55054	0.0066857	1.60671	0.0346002
590	-5.55057	0.00667444	1.60674	0.0345417
591	-5.55047	0.0066639	1.60741	0.0344897
592	-5.55021	0.00665785	1.60748	0.0344316
593	-5.55006	0.00664837	1.60768	0.0343742
594	-5.54985	0.00664044	1.6075	0.0343169
595	-5.54972	0.00663061	1.60763	0.0342595
596	-5.5495	0.00662309	1.60738	0.034203
597	-5.54943	0.00661234	1.60699	0.0341481
598	-5.54939	0.00660138	1.60719	0.0340916
599	-5.54925	0.00659194	1.60745	0.0340359
600	-5.54909	0.00658296	1.60683	0.0339849
601	-5.54913	0.00657215	1.60616	0.0339352
602	-5.54919	0.00656153	1.60547	0.0338859
603	-5.54925	0.00655088	1.60455	0.0338423
604	-5.54937	0.00654121	1.60365	0.0337981
605	-5.54949	0.00653153	1.60281	0.033753
606	-5.5496	0.00652169	1.60251	0.0336987
607	-5.54962	0.00651096	1.60257	0.0336433
608	-5.54952	0.00650095	1.60214	0.0335908
609	-5.54952	0.00649027	1.60109	0.0335519
610	-5.54966	0.0064811	1.60063	0.0335002
611	-5.54966	0.00647049	1.60017	0.0334486
612	-5.54966	0.00645992	1.5995	0.0334008
613	-5.54976	0.00645014	1.59899	0.0333503
614	-5.54983	0.00644005	1.59818	0.0333059
615	-5.54995	0.00643069	1.5976	0.0332568
616	-5.55001	0.0064205	1.59726	0.0332046
617	-5.55002	0.00641011	1.59673	0.0331552
618	-5.55009	0.0064001	1.59597	0.0331103
619	-5.55024	0.00639146	1.59503	0.0330703
620	-5.55046	0.00638505	1.59443	0.0330224
621	-5.55061	0.00637651	1.59448	0.0329693
622	-5.55059	0.0063663	1.59461	0.0329167
623	-5.5505	0.00635674	1.59394	0.0328708
624	-5.55058	0.00634708	1.59332	0.032824
625	-5.55069	0.0063379	1.59331	0.0327715
626	-5.55065	0.0063279	1.59281	0.0327231
627	-5.55069	0.00631793	1.59187	0.0326845
628	-5.55082	0.00630929	1.59108	0.0326421
629	-5.55092	0.00630001	1.5903	0.0325996
630	-5.55103	0.00629088	1.59018	0.0325481
631	-5.55102	0.00628091	1.59042	0.0324975
632	-5.55096	0.00627132	1.59092	0.0324501
633	-5.55083	0.00626276	1.59161	0.0324063
634	-5.55066	0.00625503	1.59162	0.0323553
635	-5.55064	0.00624523	1.59204	0.0323071
636	-5.5505	0.00623692	1.59244	0.0322589
637	-5.55037	0.00622852	1.59271	0.0322094
638	-5.55023	0.00622023	1.59315	0.0321621
639	-5.55008	0.00621233	1.59303	0.0321121
640	-5.55007	0.00620264	1.59269	0.0320637
641	-5.55009	0.00619301	1.59257	0.032014
642	-5.55007	0.00618339	1.59242	0.0319646
643	-5.55007	0.00617377	1.59185	0.0319199
644	-5.55016	0.00616487	1.59149	0.0318725
645	-5.55022	0.00615555	1.59211	0.0318292
646	-5.55003	0.00614878	1.59257	0.0317834
647	-5.54993	0.00614008	1.59303	0.0317376
648	-5.54984	0.00613136	1.59313	0.0316888
649	-5.5498	0.00612204	1.59281	0.0316417
650	-5.54983	0.00611271	1.59268	0.0315933
651	-5.54981	0.00610337	1.5932	0.0315491
652	-5.5496	0.00609746	1.59352	0.0315024
653	-5.54944	0.00609015	1.59402	0.0314582
654	-5.54926	0.00608352	1.59451	0.031414
655	-5.54913	0.00607572	1.59486	0.0313681
656	-5.54903	0.00606725	1.59508	0.0313211
657	-5.54895	0.00605854	1.59493	0.0312739
658	-5.54895	0.00604933	1.59498	0.0312265
659	-5.54892	0.00604023	1.59511	0.0311794
660	-5.54887	0.00603131	1.59595	0.0311437
661	-5.54865	0.00602624	1.59711	0.031118
662	-5.54835	0.00602456	1.59799	0.0310837
663	-5.5481	0.00602046	1.59894	0.0310514
664	-5.54785	0.00601658	1.60072	0.0310554
665	-5.54743	0.00602262	1.60184	0.0310291
666	-5.54716	0.00601974	1.60269	0.0309941
667	-5.5469	0.00601616	1.604	0.0309753
668	-5.54655	0.00601756	1.60543	0.0309622
669	-5.54614	0.00602254	1.6062	0.0309255
670	-5.5459	0.00601831	1.60711	0.0308927
671	-5.54565	0.00601433	1.60771	0.0308527
672	-5.54549	0.00600764	1.60786	0.0308073
673	-5.54544	0.00599888	1.60848	0.0307677
674	-5.54529	0.00599199	1.6092	0.0307307
675	-5.54513	0.00598513	1.60991	0.0306933
676	-5.54497	0.00597835	1.61125	0.0306773
677	-5.54465	0.00597811	1.61221	0.0306471
678	-5.54442	0.00597376	1.61322	0.0306186
679	-5.54415	0.0059711	1.61369	0.0305771
680	-5.54401	0.00596387	1.6143	0.0305383
681	-5.54388	0.00595661	1.615	0.0305015
682	-5.54372	0.00594997	1.61534	0.0304587
683	-5.54367	0.0059415	1.61537	0.0304142
684	-5.54368	0.00593284	1.61569	0.0303715
685	-5.54363	0.00592446	1.61612	0.0303303
686	-5.54355	0.00591631	1.61737	0.0303118
687	-5.54328	0.00591391	1.61779	0.0302706
688	-5.54319	0.00590596	1.61863	0.0302384
689	-5.54298	0.00590113	1.61881	0.0301951
690	-5.54292	0.00589289	1.61949	0.030159
691	-5.54276	0.00588643	1.61925	0.0301164
692	-5.54279	0.005878	1.62	0.0300822
693	-5.54261	0.00587246	1.62018	0.0300394
694	-5.54254	0.00586435	1.62089	0.0300047
695	-5.54236	0.00585876	1.62104	0.0299619
696	-5.54228	0.00585092	1.62114	0.0299191
697	-5.54223	0.00584272	1.62138	0.0298772
698	-5.54215	0.00583486	1.62141	0.0298345
699	-5.54213	0.00582656	1.62182	0.0297947
700	-5.542	0.00581969	1.62263	0.0297631
701	-5.54177	0.00581602	1.62382	0.0297445
702	-5.54145	0.00581644	1.62485	0.02972
703	-5.5412	0.00581347	1.62524	0.0296804
704	-5.54108	0.00580634	1.62527	0.0296383
705	-5.54107	0.00579814	1.62506	0.029597
706	-5.54111	0.00579006	1.62501	0.0295552
707	-5.54112	0.00578188	1.62504	0.0295135
708	-5.54111	0.00577372	1.62487	0.0294723
709	-5.54114	0.00576566	1.62477	0.029431
710	-5.54115	0.00575755	1.62467	0.0293898
711	-5.54117	0.00574948	1.62453	0.0293488
712	-5.5412	0.00574147	1.62428	0.0293087
713	-5.54125	0.00573368	1.62392	0.0292699
714	-5.54132	0.00572601	1.62382	0.0292291
715	-5.54132	0.005718	1.62402	0.0291889
716	-5.54125	0.00571036	1.62372	0.0291497
717	-5.54131	0.00570264	1.62351	0.0291099
718	-5.54134	0.00569479	1.62352	0.0290694
719	-5.54131	0.00568693	1.62343	0.0290292
720	-5.54129	0.0056791	1.62343	0.0289889
721	-5.54124	0.00567144	1.62418	0.0289584
722	-5.54105	0.00566677	1.62471	0.0289233
723	-5.54093	0.00566022	1.62486	0.0288837
724	-5.54083	0.00565319	1.62519	0.0288458
725	-5.54073	0.00564636	1.62528	0.0288062
726	-5.54066	0.00563899	1.62568	0.0287694
727	-5.54054	0.0056326	1.62659	0.0287443
728	-5.54032	0.00562898	1.6277	0.028726
729	-5.54005	0.00562794	1.62843	0.028696
730	-5.53985	0.00562346	1.62888	0.0286603
731	-5.53976	0.00561662	1.62941	0.0286261
732	-5.53964	0.00561021	1.63005	0.0285941
733	-5.5395	0.00560416	1.6306	0.0285605
734	-5.53939	0.00559769	1.63092	0.0285234
735	-5.53931	0.00559068	1.63134	0.0284877
736	-5.53921	0.00558389	1.63203	0.0284575
737	-5.53907	0.00557807	1.63244	0.0284219
738	-5.539	0.00557093	1.63261	0.028384
739	-5.53901	0.0055634	1.63333	0.0283546
740	-5.53888	0.00555743	1.63397	0.0283235
741	-5.53875	0.00555131	1.63471	0.0282951
742	-5.53863	0.00554532	1.6353	0.0282632
743	-5.53853	0.00553871	1.63647	0.0282493
744	-5.53827	0.00553706	1.63709	0.0282183
745	-5.53816	0.00553081	1.63769	0.0281868
746	-5.53805	0.00552454	1.63829	0.0281555
747	-5.53795	0.00551807	1.63889	0.0281243
748	-5.53785	0.00551153	1.6394	0.0280912
749	-5.53781	0.00550433	1.63968	0.0280552
750	-5.53781	0.005497	1.63983	0.0280182
751	-5.53784	0.00548975	1.64026	0.0279843
752	-5.5378	0.00548264	1.64062	0.0279495
753	-5.53776	0.00547545	1.64103	0.0279155
754	-5.53772	0.00546837	1.64195	0.0278934
755	-5.53759	0.00546276	1.64271	0.0278669
756	-5.53745	0.0054571	1.64333	0.0278371
757	-5.53734	0.00545113	1.64378	0.027804
758	-5.53727	0.00544433	1.64549	0.0278198
759	-5.53688	0.00545116	1.64704	0.0278261
760	-5.53655	0.00545393	1.64841	0.0278235
761	-5.53626	0.00545437	1.64963	0.0278134
762	-5.53601	0.00545304	1.65036	0.0277867
763	-5.53588	0.00544748	1.65086	0.0277548
764	-5.53581	0.00544083	1.65193	0.0277393
765	-5.53558	0.00543839	1.65326	0.0277347
766	-5.53532	0.00543745	1.65408	0.0277106
767	-5.53521	0.00543154	1.65513	0.0276944
768	-5.53503	0.00542751	1.65587	0.0276683
769	-5.53492	0.00542146	1.65728	0.0276685
770	-5.53465	0.00542155	1.65853	0.0276608
771	-5.5344	0.00542033	1.65996	0.027662
772	-5.53409	0.00542215	1.66165	0.0276774
773	-5.53372	0.00542718	1.66344	0.0276994
774	-5.53333	0.00543472	1.66511	0.0277144
775	-5.53295	0.00544094	1.66637	0.0277071
776	-5.53268	0.00544027	1.66763	0.0277001
777	-5.53244	0.0054389	1.66808	0.0276682
778	-5.53234	0.0054328	1.66829	0.0276334
779	-5.53228	0.00542617	1.66904	0.0276083
780	-5.53209	0.00542256	1.66956	0.0275778
781	-5.53198	0.00541662	1.67014	0.0275488
782	-5.53186	0.00541098	1.67084	0.0275225
783	-5.53174	0.00540556	1.67124	0.0274902
784	-5.53169	0.00539891	1.67159	0.0274574
785	-5.53164	0.00539223	1.6718	0.0274233
786	-5.53164	0.00538538	1.67208	0.0273898
787	-5.53165	0.00537853	1.67264	0.0273608
788	-5.53157	0.00537222	1.67296	0.0273281
789	-5.53155	0.00536545	1.67333	0.0272959
790	-5.53148	0.00535911	1.67365	0.0272634
791	-5.5314	0.00535298	1.67424	0.0272352
792	-5.53126	0.00534803	1.67485	0.0272078
793	-5.53113	0.00534293	1.67543	0.0271796
794	-5.53101	0.00533739	1.67612	0.0271541
795	-5.53088	0.00533225	1.67661	0.0271245
796	-5.53082	0.00532596	1.67733	0.0271001
797	-5.53069	0.00532074	1.67814	0.0270781
798	-5.53055	0.00531605	1.67959	0.0270834
799	-5.53026	0.00531727	1.68001	0.0270527
800	-5.5302	0.00531101	1.68117	0.0270438
801	-5.52999	0.00530831	1.68256	0.027046
802	-5.52972	0.00530877	1.68403	0.027052
803	-5.52944	0.00530916	1.68557	0.0270624
804	-5.52917	0.0053095	1.6866	0.0270482
805	-5.52898	0.00530629	1.68694	0.0270169
806	-5.52893	0.00529997	1.68703	0.0269835
807	-5.52893	0.0052934	1.68724	0.026951
808	-5.52892	0.00528686	1.68737	0.026918
809	-5.52894	0.00528034	1.6882	0.0268975
810	-5.52878	0.00527613	1.6889	0.0268734
811	-5.52862	0.00527194	1.68925	0.0268426
812	-5.52854	0.00526612	1.6899	0.0268175
813	-5.52841	0.00526119	1.69	0.0267847
814	-5.52844	0.00525479	1.69038	0.0267546
815	-5.52839	0.00524859	1.69099	0.0267287
816	-5.52829	0.00524312	1.69204	0.0267164
817	-5.52811	0.00523962	1.69343	0.02672
818	-5.52786	0.00523944	1.6951	0.0267397
819	-5.52756	0.00524143	1.69617	0.0267283
820	-5.52738	0.00523814	1.69736	0.0267223
821	-5.52715	0.0052366	1.6979	0.0266952
822	-5.5271	0.00523047	1.69821	0.0266647
823	-5.52709	0.00522413	1.69877	0.026638
824	-5.52701	0.00521838	1.69895	0.0266063
825	-5.527	0.00521206	1.69871	0.0265752
826	-5.5271	0.0052066	1.69878	0.0265432
827	-5.52715	0.0052006	1.6993	0.0265162
828	-5.52712	0.00519446	1.69996	0.0264925
829	-5.52706	0.00518852	1.70066	0.0264698
830	-5.52698	0.0051828	1.70105	0.0264408
831	-5.52696	0.0051766	1.70142	0.0264116
832	-5.52694	0.00517045	1.70181	0.0263828
833	-5.52691	0.00516431	1.70222	0.0263543
834	-5.52685	0.00515851	1.70309	0.0263371
835	-5.52667	0.0051554	1.70417	0.0263277
836	-5.52647	0.00515296	1.7048	0.0263038
837	-5.52638	0.00514761	1.70532	0.0262775
838	-5.5263	0.00514209	1.70539	0.0262463
839	-5.52634	0.0051361	1.70555	0.0262155
840	-5.52634	0.00512999	1.7053	0.0261855
841	-5.52642	0.00512463	1.70521	0.0261545
842	-5.52644	0.00511859	1.70531	0.0261237
843	-5.52641	0.0051126	1.7061	0.0261047
844	-5.52625	0.00510918	1.70664	0.0260794
845	-5.52613	0.00510448	1.70701	0.0260512
846	-5.52605	0.00509911	1.70737	0.0260229
847	-5.52597	0.00509367	1.70801	0.026
848	-5.52586	0.00508897	1.70871	0.025979
849	-5.52576	0.00508401	1.70906	0.0259508
850	-5.52573	0.0050781	1.70916	0.0259205
851	-5.52574	0.00507216	1.70971	0.025896
852	-5.52568	0.00506667	1.71059	0.0258805
853	-5.52554	0.00506263	1.71161	0.0258703
854	-5.52536	0.00505987	1.71247	0.0258543
855	-5.52523	0.00505547	1.71349	0.0258444
856	-5.52507	0.00505221	1.71458	0.025837
857	-5.52488	0.00504997	1.71558	0.0258262
858	-5.52471	0.00504702	1.71602	0.0257999
859	-5.52466	0.00504139	1.71672	0.0257795
860	-5.52455	0.0050367	1.71726	0.0257551
861	-5.52446	0.00503162	1.71794	0.0257343
862	-5.52435	0.00502698	1.71872	0.0257163
863	-5.52422	0.00502293	1.71975	0.025707
864	-5.52402	0.00502079	1.72097	0.0257066
865	-5.52382	0.00501928	1.72208	0.0257005
866	-5.52363	0.00501701	1.72285	0.0256824
867	-5.5235	0.00501293	1.72339	0.0256585
868	-5.52341	0.00500792	1.72397	0.0256355
869	-5.52332	0.00500302	1.72453	0.0256122
870	-5.52322	0.00499815	1.72541	0.0255981
871	-5.52307	0.00499461	1.7261	0.0255779
872	-5.52298	0.0049898	1.72719	0.0255719
873	-5.52277	0.00498856	1.72733	0.025543
874	-5.52275	0.00498288	1.72767	0.0255161
875	-5.52269	0.00497758	1.72834	0.0254956
876	-5.52256	0.00497359	1.72901	0.0254753
877	-5.52244	0.00496922	1.72981	0.0254588
878	-5.52228	0.00496628	1.73099	0.0254574
879	-5.52202	0.00496725	1.73225	0.0254598
880	-5.52178	0.0049678	1.73303	0.0254428
881	-5.52162	0.00496464	1.73381	0.0254257
882	-5.52146	0.00496163	1.73428	0.0254014
883	-5.52135	0.0049572	1.73475	0.025377
884	-5.52126	0.00495245	1.73532	0.0253547
885	-5.52113	0.00494845	1.73582	0.025331
886	-5.52104	0.00494378	1.73669	0.0253174
887	-5.52086	0.00494147	1.73717	0.0252934
888	-5.52074	0.00493719	1.73766	0.0252698
889	-5.52061	0.00493338	1.73796	0.0252431
890	-5.52053	0.00492857	1.73888	0.0252318
891	-5.52031	0.00492775	1.73905	0.0252041
892	-5.52028	0.00492234	1.73921	0.0251764
893	-5.52024	0.00491698	1.73905	0.0251487
894	-5.52027	0.00491161	1.73936	0.0251226
895	-5.52019	0.00490679	1.73974	0.0250973
896	-5.52012	0.00490195	1.74035	0.0250768
897	-5.52	0.00489791	1.74061	0.0250502
898	-5.51994	0.00489281	1.74111	0.0250273
899	-5.51983	0.00488846	1.74116	0.0249996
900	-5.51984	0.00488303	1.74141	0.0249731
901	-5.5198	0.00487776	1.74167	0.0249467
902	-5.51975	0.00487262	1.74224	0.0249256
903	-5.51964	0.00486848	1.74277	0.0249036
904	-5.51954	0.00486409	1.74309	0.0248781
905	-5.51952	0.00485878	1.74362	0.0248565
906	-5.51946	0.00485381	1.74462	0.024849
907	-5.51928	0.00485164	1.74521	0.0248287
908	-5.5192	0.00484691	1.74547	0.0248028
909	-5.51915	0.00484189	1.74647	0.0247955
910	-5.51894	0.00484111	1.74724	0.0247801
911	-5.51881	0.00483756	1.74776	0.0247584
912	-5.51873	0.00483289	1.74813	0.0247341
913	-5.51869	0.0048278	1.74869	0.0247134
914	-5.51859	0.00482342	1.7496	0.0247031
915	-5.51841	0.00482161	1.75036	0.0246878
916	-5.51826	0.00481873	1.7511	0.0246722
917	-5.51811	0.00481587	1.75218	0.0246688
918	-5.51788	0.00481609	1.75316	0.0246612
919	-5.51767	0.00481517	1.75378	0.0246424
920	-5.51756	0.00481116	1.7543	0.0246211
921	-5.5175	0.00480633	1.75524	0.0246122
922	-5.51734	0.00480388	1.75603	0.0245982
923	-5.5172	0.00480058	1.75671	0.024581
924	-5.51707	0.00479715	1.75718	0.0245588
925	-5.51701	0.00479233	1.75803	0.0245472
926	-5.51687	0.00478933	1.75917	0.0245472
927	-5.51667	0.00478816	1.76015	0.0245405
928	-5.51649	0.00478641	1.76083	0.0245234
929	-5.51639	0.0047824	1.76161	0.0245093
930	-5.51625	0.00477938	1.76235	0.0244943
931	-5.5161	0.00477647	1.76358	0.0244989
932	-5.51585	0.00477807	1.76448	0.024489
933	-5.51568	0.0047758	1.76549	0.0244837
934	-5.51551	0.00477382	1.76679	0.0244917
935	-5.51527	0.00477461	1.76739	0.0244729
936	-5.51518	0.00477034	1.7684	0.0244678
937	-5.51501	0.00476829	1.76907	0.0244509
938	-5.5149	0.00476448	1.76971	0.0244332
939	-5.51481	0.00476026	1.7703	0.0244143
940	-5.51472	0.00475609	1.77073	0.0243922
941	-5.51466	0.00475145	1.77138	0.0243749
942	-5.51456	0.00474743	1.7722	0.0243629
943	-5.5144	0.00474497	1.77306	0.0243524
944	-5.51424	0.0047427	1.77465	0.0243783
945	-5.51391	0.00474941	1.77578	0.0243787
946	-5.51369	0.00474933	1.77651	0.0243638
947	-5.51357	0.00474588	1.77732	0.0243518
948	-5.51343	0.004743	1.77819	0.0243415
949	-5.51329	0.00473993	1.77963	0.0243584
950	-5.51304	0.00474145	1.78057	0.0243509
951	-5.51288	0.00473913	1.78144	0.024341
952	-5.51273	0.00473662	1.78206	0.0243233
953	-5.51263	0.00473274	1.78235	0.0242995
954	-5.51259	0.00472793	1.78239	0.0242741
955	-5.51261	0.00472302	1.78228	0.024249
956	-5.51265	0.00471827	1.78213	0.024224
957	-5.51268	0.00471342	1.78232	0.0241994
958	-5.51263	0.0047088	1.78224	0.0241743
959	-5.51264	0.00470391	1.78199	0.0241504
960	-5.5127	0.00469938	1.78189	0.0241255
961	-5.51271	0.00469449	1.78178	0.0241007
962	-5.51275	0.00468985	1.78152	0.024077
963	-5.51282	0.00468538	1.7812	0.0240543
964	-5.51289	0.00468106	1.78101	0.02403
965	-5.51295	0.00467662	1.78112	0.0240054
966	-5.51294	0.00467178	1.781	0.0239809
967	-5.51298	0.00466709	1.78105	0.0239562
968	-5.51298	0.00466227	1.78085	0.0239323
969	-5.51304	0.00465782	1.78001	0.0239221
970	-5.51321	0.004656	1.77913	0.0239136
971	-5.5134	0.00465516	1.77896	0.0238896
972	-5.51343	0.00465045	1.77889	0.0238652
973	-5.51343	0.00464567	1.77896	0.0238408
974	-5.5134	0.00464103	1.77892	0.0238164
975	-5.51341	0.00463628	1.77851	0.0237954
976	-5.5135	0.00463234	1.77876	0.0237724
977	-5.51343	0.00462803	1.7787	0.0237482
978	-5.51344	0.00462331	1.77896	0.0237254
979	-5.51337	0.0046191	1.77854	0.023705
980	-5.51346	0.00461532	1.77842	0.0236811
981	-5.5135	0.00461081	1.7781	0.0236592
982	-5.51358	0.00460676	1.77817	0.0236352
983	-5.51358	0.00460208	1.77812	0.0236112
984	-5.51361	0.00459751	1.77863	0.0235926
985	-5.51354	0.00459328	1.77883	0.0235696
986	-5.51354	0.00458862	1.77881	0.0235457
987	-5.5136	0.00458426	1.77862	0.0235227
988	-5.51368	0.00458045	1.77851	0.0234992
989	-5.51376	0.00457644	1.77837	0.0234758
990	-5.51383	0.00457239	1.7783	0.0234522
991	-5.51388	0.00456806	1.77846	0.0234291
992	-5.51389	0.00456346	1.77837	0.0234057
993	-5.51392	0.00455902	1.77866	0.023384
994	-5.51389	0.00455459	1.77897	0.0233625
995	-5.51384	0.00455021	1.77969	0.02335
996	-5.51368	0.00454839	1.78064	0.0233461
997	-5.51346	0.00454958	1.78111	0.0233275
998	-5.51336	0.00454611	1.78172	0.0233121
999	-5.51323	0.00454327	1.78228	0.0232954
1000	-5.51313	0.00453993	1.78312	0.0232874
1001	-5.51295	0.00453894	1.78377	0.0232732
1002	-5.51283	0.00453605	1.78421	0.0232541
1003	-5.51273	0.00453246	1.78401	0.0232318
1004	-5.51279	0.00452823	1.78378	0.0232098
1005	-5.51285	0.00452417	1.7834	0.0231899
1006	-5.51292	0.00452031	1.78347	0.0231669
1007	-5.5129	0.0045159	1.78365	0.0231447
1008	-5.51285	0.00451168	1.78429	0.0231306
1009	-5.51268	0.00451025	1.78423	0.0231078
1010	-5.51269	0.00450579	1.78428	0.023085
1011	-5.51265	0.00450145	1.78454	0.0230636
1012	-5.51259	0.00449738	1.78479	0.0230422
1013	-5.51251	0.00449377	1.78499	0.0230203
1014	-5.51245	0.00448978	1.78551	0.0230035
1015	-5.51232	0.00448714	1.78633	0.0229956
1016	-5.51214	0.0044861	1.78677	0.0229772
1017	-5.51205	0.0044827	1.78747	0.0229653
1018	-5.51189	0.00448129	1.78826	0.0229563
1019	-5.5117	0.00448066	1.78861	0.0229365
1020	-5.51163	0.00447689	1.78888	0.0229156
1021	-5.51156	0.00447303	1.78928	0.0228966
1022	-5.51146	0.00446966	1.78966	0.0228774
1023	-5.51139	0.00446586	1.79012	0.0228597
1024	-5.51131	0.00446226	1.79076	0.0228463
1025	-5.51118	0.00445966	1.79103	0.0228257
1026	-5.51114	0.00445556	1.79157	0.0228098
1027	-5.51103	0.00445261	1.79198	0.0227913
1028	-5.51096	0.0044488	1.79258	0.0227771
1029	-5.51084	0.00444593	1.79282	0.0227563
1030	-5.5108	0.00444184	1.79306	0.0227354
1031	-5.51073	0.00443801	1.79278	0.0227151
1032	-5.51079	0.00443408	1.79247	0.0226952
1033	-5.51085	0.00443018	1.79215	0.0226754
1034	-5.5109	0.00442612	1.79165	0.0226592
1035	-5.51099	0.00442285	1.79095	0.0226479
1036	-5.51113	0.00442074	1.79066	0.0226279
1037	-5.5112	0.00441703	1.79056	0.0226064
1038	-5.51122	0.00441281	1.79018	0.0225878
1039	-5.51128	0.00440911	1.78981	0.0225691
1040	-5.51134	0.00440524	1.78994	0.0225478
1041	-5.51131	0.00440114	1.79022	0.0225279
1042	-5.51125	0.00439732	1.79029	0.0225064
1043	-5.51123	0.00439316	1.79044	0.0224853
1044	-5.51118	0.00438919	1.79066	0.0224649
1045	-5.51114	0.00438521	1.79065	0.0224434
1046	-5.51114	0.00438102	1.7907	0.022422
1047	-5.51113	0.00437684	1.79088	0.0224014
1048	-5.5111	0.00437278	1.79131	0.0223841
1049	-5.511	0.00436972	1.79194	0.0223716
1050	-5.51084	0.00436838	1.79221	0.022352
1051	-5.51075	0.00436509	1.79268	0.0223356
1052	-5.51062	0.00436288	1.79289	0.0223154
1053	-5.51057	0.00435902	1.79282	0.0222944
1054	-5.51057	0.00435489	1.79255	0.0222749
1055	-5.51062	0.00435104	1.79259	0.0222539
1056	-5.5106	0.00434696	1.79302	0.0222368
1057	-5.51052	0.0043436	1.79329	0.0222175
1058	-5.51046	0.00433991	1.79353	0.0221978
1059	-5.5104	0.00433619	1.7936	0.0221769
1060	-5.51038	0.00433217	1.79354	0.0221561
1061	-5.51038	0.0043281	1.79334	0.0221362
1062	-5.51042	0.00432418	1.79347	0.0221157
1063	-5.51037	0.00432034	1.79364	0.0220956
1064	-5.51033	0.0043165	1.79392	0.0220766
1065	-5.51026	0.00431306	1.79448	0.022063
1066	-5.51014	0.00431057	1.79483	0.022045
1067	-5.51007	0.00430709	1.79541	0.022032
1068	-5.50995	0.00430476	1.7967	0.0220492
1069	-5.50966	0.00431063	1.79741	0.0220399
1070	-5.50953	0.00430848	1.79814	0.0220316
1071	-5.5094	0.00430654	1.79876	0.0220197
1072	-5.5093	0.00430372	1.7997	0.0220192
1073	-5.50912	0.00430349	1.80051	0.0220136
1074	-5.50895	0.00430261	1.80089	0.0219964
1075	-5.50889	0.0042991	1.80135	0.0219808
1076	-5.50881	0.00429585	1.80152	0.0219611
1077	-5.50879	0.00429188	1.80162	0.0219409
1078	-5.50879	0.0042879	1.80145	0.0219213
1079	-5.50886	0.00428443	1.80168	0.0219022
1080	-5.50884	0.00428052	1.80169	0.0218819
1081	-5.50885	0.0042766	1.80151	0.0218625
1082	-5.5089	0.00427286	1.8012	0.0218444
1083	-5.50897	0.00426957	1.801	0.0218252
1084	-5.50902	0.00426586	1.80062	0.0218084
1085	-5.50911	0.00426304	1.8003	0.0217906
1086	-5.50921	0.00426015	1.80009	0.0217716
1087	-5.50927	0.00425672	1.79983	0.0217531
1088	-5.50935	0.00425354	1.7996	0.0217344
1089	-5.50942	0.00425023	1.79954	0.0217145
1090	-5.50947	0.00424663	1.79943	0.0216949
1091	-5.50952	0.00424305	1.79932	0.0216753
1092	-5.50959	0.00423964	1.79942	0.0216557
1093	-5.50963	0.00423595	1.7996	0.0216366
1094	-5.50964	0.00423209	1.79972	0.0216172
1095	-5.50966	0.00422829	1.79997	0.0215989
1096	-5.50967	0.00422444	1.80016	0.02158
1097	-5.50966	0.0042206	1.80038	0.0215615
1098	-5.50963	0.00421685	1.80031	0.0215419
1099	-5.50968	0.00421327	1.79997	0.0215251
1100	-5.50977	0.00421045	1.79984	0.021506
1101	-5.50982	0.00420692	1.7999	0.0214866
1102	-5.50981	0.00420312	1.79991	0.0214671
1103	-5.5098	0.00419931	1.80003	0.021448
1104	-5.50977	0.00419565	1.80019	0.0214291
1105	-5.50971	0.00419225	1.80021	0.0214098
1106	-5.50968	0.00418858	1.80034	0.0213908
1107	-5.50964	0.00418494	1.80039	0.0213716
1108	-5.50963	0.00418119	1.80022	0.021353
1109	-5.50965	0.0041775	1.80012	0.021334
1110	-5.50967	0.00417378	1.79999	0.0213152
1111	-5.50971	0.00417016	1.79986	0.0212964
1112	-5.50973	0.00416647	1.79969	0.0212779
1113	-5.50976	0.00416283	1.79911	0.021267
1114	-5.50989	0.00416113	1.79854	0.0212555
1115	-5.51001	0.00415915	1.79827	0.0212382
1116	-5.51009	0.00415616	1.79801	0.0212208
1117	-5.51017	0.00415319	1.7977	0.0212041
1118	-5.51025	0.00415039	1.79777	0.0211853
1119	-5.51025	0.00414668	1.79787	0.0211666
1120	-5.51028	0.00414309	1.79754	0.0211503
1121	-5.51038	0.00414055	1.79735	0.0211323
1122	-5.51046	0.00413756	1.79725	0.0211137
1123	-5.51051	0.00413418	1.79696	0.0210968
1124	-5.5106	0.00413162	1.79666	0.0210803
1125	-5.51071	0.00412929	1.79621	0.0210664
1126	-5.51081	0.00412699	1.79594	0.0210493
1127	-5.51088	0.00412392	1.79583	0.021031
1128	-5.51092	0.00412045	1.79563	0.0210133
1129	-5.51098	0.00411724	1.79543	0.0209956
1130	-5.51103	0.00411382	1.79535	0.0209772
1131	-5.51105	0.00411025	1.79498	0.0209621
1132	-5.51113	0.00410745	1.79483	0.0209441
1133	-5.51115	0.00410385	1.7951	0.0209274
1134	-5.5111	0.00410051	1.79573	0.0209184
1135	-5.51097	0.0040988	1.79594	0.020901
1136	-5.51094	0.00409532	1.79578	0.0208832
1137	-5.51099	0.00409198	1.79587	0.020865
1138	-5.511	0.0040884	1.79601	0.0208472
1139	-5.51099	0.00408482	1.79629	0.0208307
1140	-5.51095	0.00408143	1.79668	0.0208161
1141	-5.51088	0.00407852	1.79703	0.0208008
1142	-5.51082	0.0040754	1.79722	0.0207835
1143	-5.5108	0.00407188	1.79699	0.0207667
1144	-5.51087	0.00406891	1.79716	0.0207493
1145	-5.51085	0.00406541	1.79745	0.0207332
1146	-5.51081	0.00406204	1.79774	0.0207172
1147	-5.51077	0.0040587	1.79784	0.0206994
1148	-5.51076	0.00405517	1.79798	0.0206818
1149	-5.51073	0.00405171	1.79801	0.0206639
1150	-5.51073	0.00404819	1.79797	0.020646
1151	-5.51074	0.00404468	1.79827	0.0206303
1152	-5.51066	0.00404191	1.79881	0.0206194
1153	-5.51054	0.00404041	1.79907	0.0206032
1154	-5.51049	0.00403717	1.79947	0.0205892
1155	-5.51041	0.00403453	1.79959	0.0205718
1156	-5.5104	0.00403104	1.79989	0.0205562
1157	-5.51035	0.00402782	1.80006	0.0205391
1158	-5.51032	0.00402445	1.80001	0.0205214
1159	-5.51033	0.00402098	1.80004	0.0205038
1160	-5.51032	0.00401754	1.80027	0.0204874
1161	-5.51027	0.00401441	1.80072	0.0204746
1162	-5.51017	0.00401198	1.8012	0.0204628
1163	-5.51009	0.0040094	1.80159	0.0204488
1164	-5.51002	0.00400651	1.80189	0.0204334
1165	-5.50999	0.00400325	1.80203	0.0204164
1166	-5.50999	0.00399982	1.80216	0.0203994
1167	-5.51	0.0039964	1.80224	0.0203821
1168	-5.51001	0.00399298	1.8027	0.0203697
1169	-5.50995	0.00398993	1.80319	0.0203581
1170	-5.50992	0.00398668	1.8034	0.0203418
1171	-5.50992	0.00398328	1.80385	0.0203295
1172	-5.50986	0.0039803	1.80419	0.0203151
1173	-5.50983	0.00397702	1.80457	0.0203012
1174	-5.5098	0.00397376	1.80479	0.0202852
1175	-5.50982	0.00397042	1.80471	0.020268
1176	-5.5099	0.003968	1.80495	0.0202522
1177	-5.50993	0.0039647	1.80531	0.0202382
1178	-5.50992	0.00396135	1.80582	0.0202274
1179	-5.50987	0.00395825	1.8061	0.0202123
1180	-5.50988	0.0039549	1.80605	0.0201952
1181	-5.50995	0.00395215	1.80654	0.0201841
1182	-5.50991	0.00394901	1.80703	0.0201731
1183	-5.50986	0.00394598	1.80752	0.020162
1184	-5.50982	0.00394281	1.80787	0.020148
1185	-5.50982	0.00393949	1.80836	0.020137
1186	-5.50977	0.00393645	1.80862	0.0201218
1187	-5.50979	0.00393316	1.80862	0.0201048
1188	-5.50986	0.0039306	1.80862	0.0200879
1189	-5.50995	0.00392834	1.80873	0.0200713
1190	-5.51001	0.00392548	1.80897	0.0200559
1191	-5.51005	0.00392233	1.80939	0.0200436
1192	-5.51004	0.00391905	1.80981	0.0200311
1193	-5.51003	0.00391578	1.81022	0.0200186
1194	-5.51	0.00391256	1.8106	0.0200054
1195	-5.50999	0.00390932	1.81144	0.0200061
1196	-5.50986	0.00390833	1.812	0.0199974
1197	-5.50978	0.00390575	1.8125	0.019987
1198	-5.50971	0.00390311	1.81293	0.0199747
1199	-5.50967	0.0039001	1.81286	0.0199582
1200	-5.50973	0.00389729	1.81328	0.019946
1201	-5.50969	0.00389426	1.81349	0.0199305
1202	-5.50969	0.00389102	1.81361	0.0199143
1203	-5.50969	0.00388778	1.81404	0.0199024
1204	-5.50963	0.0038851	1.81406	0.0198859
1205	-5.50965	0.00388195	1.81432	0.0198712
1206	-5.50961	0.00387898	1.81443	0.019855
1207	-5.5096	0.00387578	1.81453	0.0198388
1208	-5.50958	0.0038726	1.81479	0.0198241
1209	-5.50953	0.0038697	1.81548	0.0198196
1210	-5.50941	0.00386848	1.8163	0.0198204
1211	-5.50926	0.00386834	1.81703	0.0198172
1212	-5.50915	0.0038667	1.81773	0.0198134
1213	-5.50903	0.0038652	1.81838	0.0198078
1214	-5.50891	0.00386384	1.81911	0.0198049
1215	-5.50877	0.00386321	1.8198	0.0198007
1216	-5.50867	0.00386155	1.82064	0.0198021
1217	-5.50852	0.00386094	1.82145	0.0198023
1218	-5.50839	0.00386018	1.82232	0.0198053
1219	-5.50824	0.00385998	1.82312	0.0198051
1220	-5.5081	0.00385909	1.82406	0.0198113
1221	-5.50793	0.00385999	1.82475	0.0198069
1222	-5.50782	0.00385822	1.82519	0.0197957
1223	-5.50776	0.00385554	1.8257	0.0197862
1224	-5.50769	0.00385311	1.82578	0.0197702
1225	-5.5077	0.00384998	1.82568	0.0197543
1226	-5.50775	0.00384719	1.82556	0.0197385
1227	-5.5078	0.00384431	1.8258	0.0197239
1228	-5.50775	0.00384141	1.82595	0.0197084
1229	-5.50773	0.00383838	1.82587	0.0196926
1230	-5.50776	0.00383538	1.82581	0.0196767
1231	-5.50777	0.0038323	1.82583	0.0196607
1232	-5.50776	0.0038292	1.82562	0.019646
1233	-5.50781	0.00382634	1.82551	0.0196303
1234	-5.50783	0.00382329	1.82606	0.0196219
1235	-5.50772	0.00382176	1.82616	0.0196064
1236	-5.5077	0.00381869	1.82602	0.019591
1237	-5.50773	0.00381568	1.82615	0.0195756
1238	-5.50767	0.00381297	1.82679	0.0195704
1239	-5.50751	0.00381352	1.82749	0.019567
1240	-5.50735	0.00381366	1.82821	0.0195647
1241	-5.50721	0.00381324	1.82891	0.0195616
1242	-5.50707	0.00381265	1.82964	0.0195592
1243	-5.50693	0.0038122	1.8302	0.0195516
1244	-5.50683	0.00381032	1.83053	0.0195386
1245	-5.50678	0.00380763	1.83089	0.0195263
1246	-5.50672	0.00380512	1.8309	0.0195107
1247	-5.50673	0.00380209	1.83109	0.019496
1248	-5.50669	0.00379927	1.83148	0.0194844
1249	-5.50661	0.00379717	1.83156	0.0194689
1250	-5.5066	0.00379414	1.83143	0.0194539
1251	-5.50663	0.00379121	1.83154	0.0194386
1252	-5.50662	0.00378819	1.83194	0.0194273
1253	-5.50653	0.00378613	1.83212	0.0194126
1254	-5.50648	0.00378346	1.83249	0.0194007
1255	-5.50637	0.00378195	1.83287	0.0193891
1256	-5.50627	0.00378048	1.83353	0.0193849
1257	-5.50609	0.00378177	1.83417	0.01938
1258	-5.50592	0.00378226	1.83482	0.0193752
1259	-5.50577	0.00378238	1.83572	0.0193808
1260	-5.50556	0.00378505	1.83661	0.0193861
1261	-5.50535	0.00378796	1.83744	0.0193886
1262	-5.50516	0.00378996	1.83809	0.019384
1263	-5.505	0.00378998	1.83859	0.0193752
1264	-5.50489	0.00378858	1.83927	0.0193718
1265	-5.50474	0.00378855	1.8397	0.0193613
1266	-5.50464	0.00378696	1.84012	0.0193505
1267	-5.50454	0.00378532	1.84038	0.019337
1268	-5.50447	0.00378294	1.8404	0.0193218
1269	-5.50445	0.00378001	1.84038	0.0193066
1270	-5.50445	0.00377703	1.84051	0.0192918
1271	-5.50442	0.00377419	1.84042	0.0192768
1272	-5.50443	0.00377124	1.84044	0.0192617
1273	-5.50441	0.00376833	1.84046	0.0192466
1274	-5.50439	0.00376545	1.84043	0.0192315
1275	-5.50438	0.0037625	1.84039	0.0192165
1276	-5.50438	0.00375955	1.84054	0.019202
1277	-5.50433	0.00375697	1.84069	0.0191876
1278	-5.5043	0.00375416	1.8407	0.0191726
1279	-5.50428	0.00375125	1.84048	0.0191589
1280	-5.50434	0.00374872	1.84019	0.0191462
1281	-5.5044	0.00374634	1.84052	0.019134
1282	-5.50435	0.00374377	1.84095	0.0191239
1283	-5.50427	0.00374165	1.84106	0.0191094
1284	-5.50427	0.00373873	1.84095	0.0190949
1285	-5.50432	0.00373617	1.841	0.0190801
1286	-5.50433	0.00373328	1.84099	0.0190652
1287	-5.50435	0.00373042	1.84102	0.0190505
1288	-5.50436	0.00372754	1.84111	0.0190359
1289	-5.50435	0.00372467	1.84098	0.0190216
1290	-5.50438	0.00372194	1.84096	0.0190069
1291	-5.50439	0.00371907	1.84108	0.0189926
1292	-5.50435	0.0037164	1.84075	0.0189808
1293	-5.50441	0.00371404	1.84021	0.0189738
1294	-5.50452	0.00371285	1.83974	0.0189649
1295	-5.50461	0.00371099	1.83929	0.0189557
1296	-5.5047	0.0037093	1.83855	0.0189554
1297	-5.50487	0.00370998	1.83797	0.0189497
1298	-5.50499	0.00370935	1.83714	0.0189532
1299	-5.50519	0.00371159	1.83656	0.0189474
1300	-5.50534	0.00371163	1.83613	0.018938
1301	-5.50545	0.00371043	1.83561	0.0189305
1302	-5.50558	0.00371011	1.83531	0.0189183
1303	-5.50565	0.00370794	1.83502	0.0189061
1304	-5.50571	0.00370553	1.83481	0.0188927
1305	-5.50576	0.00370296	1.83448	0.0188811
1306	-5.50585	0.0037012	1.83375	0.0188809
1307	-5.50601	0.00370207	1.83323	0.0188735
1308	-5.50613	0.00370113	1.83331	0.0188593
1309	-5.50611	0.00369837	1.83319	0.0188453
1310	-5.50613	0.00369564	1.83325	0.018831
1311	-5.50612	0.00369287	1.8336	0.01882
1312	-5.50605	0.0036906	1.83367	0.0188058
1313	-5.50606	0.00368779	1.83404	0.0187952
1314	-5.506	0.00368545	1.83425	0.018782
1315	-5.50596	0.00368282	1.83424	0.0187677
1316	-5.50596	0.00368002	1.83426	0.0187535
1317	-5.50596	0.00367723	1.83446	0.0187403
1318	-5.50592	0.00367461	1.8346	0.0187267
1319	-5.50591	0.00367186	1.83508	0.0187187
1320	-5.50583	0.00366989	1.83554	0.0187102
1321	-5.50575	0.00366795	1.8358	0.0186977
1322	-5.50573	0.00366525	1.83562	0.0186845
1323	-5.5058	0.00366312	1.83555	0.0186705
1324	-5.50583	0.00366056	1.83588	0.0186592
1325	-5.50579	0.00365808	1.83602	0.0186456
1326	-5.50577	0.00365536	1.83616	0.0186321
1327	-5.50576	0.00365262	1.83635	0.0186191
1328	-5.50576	0.00364987	1.83654	0.0186061
1329	-5.50576	0.00364713	1.83683	0.0185943
1330	-5.50574	0.00364444	1.8371	0.0185822
1331	-5.50571	0.00364189	1.8373	0.0185693
1332	-5.50569	0.00363921	1.83772	0.0185602
1333	-5.50561	0.00363732	1.83811	0.0185503
1334	-5.50554	0.00363522	1.83817	0.0185366
1335	-5.50554	0.00363249	1.83789	0.0185249
1336	-5.50562	0.00363075	1.83763	0.0185128
1337	-5.50571	0.00362906	1.8373	0.018502
1338	-5.50581	0.00362782	1.83682	0.0184943
1339	-5.50595	0.00362748	1.83652	0.018483
1340	-5.50604	0.00362591	1.83647	0.0184693
1341	-5.50608	0.00362352	1.83657	0.0184558
1342	-5.5061	0.00362085	1.83678	0.0184433
1343	-5.50609	0.00361818	1.83675	0.0184296
1344	-5.50613	0.0036157	1.83684	0.0184162
1345	-5.50615	0.00361312	1.8368	0.0184025
1346	-5.50617	0.0036105	1.83669	0.0183892
1347	-5.5062	0.00360789	1.83667	0.0183756
1348	-5.50619	0.00360522	1.8367	0.018362
1349	-5.50619	0.00360255	1.83672	0.0183484
1350	-5.50619	0.00359988	1.83652	0.0183359
1351	-5.50623	0.00359745	1.83654	0.0183223
1352	-5.50622	0.00359482	1.83637	0.0183095
1353	-5.50625	0.00359228	1.83616	0.0182972
1354	-5.50629	0.00358989	1.83588	0.0182859
1355	-5.50636	0.00358787	1.83555	0.0182754
1356	-5.50643	0.00358593	1.83537	0.0182628
1357	-5.50649	0.00358372	1.83515	0.0182507
1358	-5.50656	0.00358188	1.83501	0.0182378
1359	-5.50659	0.00357937	1.83499	0.0182244
1360	-5.5066	0.00357675	1.83507	0.0182112
1361	-5.50658	0.00357416	1.83516	0.0181981
1362	-5.50655	0.00357173	1.83517	0.0181847
1363	-5.50653	0.00356915	1.83511	0.0181715
1364	-5.50653	0.00356653	1.83485	0.01816
1365	-5.50657	0.00356416	1.83459	0.0181486
1366	-5.50661	0.00356178	1.83446	0.0181358
1367	-5.50663	0.00355925	1.83419	0.0181246
1368	-5.50669	0.00355711	1.8342	0.0181113
1369	-5.50669	0.00355451	1.83404	0.0180988
1370	-5.50673	0.00355214	1.83416	0.0180861
1371	-5.50671	0.00354959	1.83405	0.0180732
1372	-5.50673	0.00354704	1.83394	0.0180604
1373	-5.50675	0.0035445	1.83368	0.0180491
1374	-5.50681	0.00354245	1.8335	0.0180369
1375	-5.50686	0.00354024	1.83324	0.0180257
1376	-5.50693	0.00353837	1.83274	0.0180195
1377	-5.50707	0.00353853	1.83263	0.0180068
1378	-5.50713	0.00353652	1.83274	0.017994
1379	-5.50714	0.00353396	1.83282	0.0179812
1380	-5.50714	0.0035314	1.83285	0.0179682
1381	-5.50716	0.00352892	1.83271	0.0179558
1382	-5.50723	0.00352693	1.8326	0.0179431
1383	-5.50727	0.00352465	1.83255	0.0179302
1384	-5.50729	0.00352217	1.83307	0.0179247
1385	-5.50719	0.00352099	1.83349	0.0179167
1386	-5.50712	0.00351915	1.83391	0.0179087
1387	-5.50706	0.00351727	1.83454	0.0179071
1388	-5.50694	0.00351673	1.83525	0.0179081
1389	-5.50681	0.00351664	1.83603	0.0179123
1390	-5.50667	0.00351678	1.83693	0.0179218
1391	-5.5065	0.00351824	1.83774	0.0179275
1392	-5.50634	0.00351939	1.8383	0.0179234
1393	-5.50623	0.00351857	1.83899	0.0179238
1394	-5.50609	0.00351898	1.83967	0.0179239
1395	-5.50594	0.00351973	1.84034	0.0179233
1396	-5.50577	0.00352129	1.84076	0.0179156
1397	-5.50566	0.00352034	1.84127	0.0179099
1398	-5.50555	0.00351962	1.84179	0.0179047
1399	-5.50543	0.0035191	1.84187	0.0178921
1400	-5.50543	0.00351658	1.84205	0.0178802
1401	-5.5054	0.0035142	1.84216	0.0178678
1402	-5.50539	0.0035117	1.84221	0.0178551
1403	-5.50539	0.00350919	1.84225	0.0178425
1404	-5.50537	0.00350676	1.84262	0.0178335
1405	-5.50527	0.00350575	1.84286	0.0178225
1406	-5.50521	0.00350381	1.84326	0.0178142
1407	-5.50512	0.0035024	1.84307	0.0178026
1408	-5.50517	0.00350022	1.84282	0.0177917
1409	-5.50525	0.0034987	1.84278	0.0177791
1410	-5.50528	0.00349634	1.84257	0.0177678
1411	-5.50533	0.00349429	1.84255	0.0177552
1412	-5.50533	0.00349182	1.84228	0.0177447
1413	-5.50539	0.00348976	1.84218	0.0177325
1414	-5.5054	0.00348733	1.84208	0.0177202
1415	-5.50541	0.00348487	1.84176	0.0177106
1416	-5.50548	0.00348318	1.84146	0.0177006
1417	-5.50556	0.00348159	1.84119	0.0176903
1418	-5.50562	0.00347964	1.84118	0.0176778
1419	-5.50563	0.0034772	1.84131	0.0176658
1420	-5.50561	0.00347483	1.84144	0.0176539
1421	-5.50559	0.00347243	1.84197	0.0176495
1422	-5.50547	0.00347203	1.84223	0.0176389
1423	-5.50541	0.00347019	1.84212	0.0176268
1424	-5.50543	0.0034678	1.84219	0.0176146
1425	-5.50539	0.00346551	1.84206	0.0176027
1426	-5.5054	0.00346308	1.84198	0.0175906
1427	-5.50539	0.00346066	1.84203	0.0175784
1428	-5.50536	0.00345833	1.84224	0.0175673
1429	-5.50529	0.00345664	1.84231	0.0175551
1430	-5.50526	0.00345437	1.8423	0.0175429
1431	-5.50525	0.00345197	1.84222	0.0175308
1432	-5.50526	0.00344959	1.84221	0.0175186
1433	-5.50527	0.00344718	1.84208	0.0175069
1434	-5.5053	0.0034449	1.84167	0.0174995
1435	-5.50537	0.00344328	1.84117	0.0174945
1436	-5.50548	0.00344256	1.84102	0.0174829
1437	-5.50551	0.00344035	1.84093	0.017471
1438	-5.50555	0.00343818	1.84058	0.0174624
1439	-5.50564	0.00343695	1.84028	0.0174528
1440	-5.50571	0.0034353	1.84006	0.0174421
1441	-5.50576	0.00343329	1.84	0.0174301
1442	-5.50577	0.00343092	1.84004	0.0174181
1443	-5.50576	0.00342854	1.8398	0.0174077
1444	-5.50582	0.00342662	1.83948	0.0173987
1445	-5.5059	0.00342527	1.83933	0.0173873
1446	-5.50595	0.00342325	1.83918	0.0173759
1447	-5.50599	0.0034211	1.83914	0.017364
1448	-5.506	0.00341874	1.83887	0.017354
1449	-5.50605	0.0034168	1.83852	0.0173456
1450	-5.50612	0.00341508	1.83825	0.0173357
1451	-5.50617	0.00341307	1.83815	0.017324
1452	-5.50619	0.00341078	1.83801	0.0173127
1453	-5.50623	0.00340878	1.83797	0.0173008
1454	-5.50624	0.00340645	1.83782	0.0172895
1455	-5.50629	0.00340437	1.83769	0.0172782
1456	-5.50633	0.00340235	1.8376	0.0172666
1457	-5.50636	0.00340016	1.83815	0.0172634
1458	-5.50625	0.00339957	1.83829	0.0172521
1459	-5.50624	0.00339726	1.83822	0.0172404
1460	-5.50627	0.00339509	1.83817	0.0172287
1461	-5.5063	0.00339284	1.83816	0.0172169
1462	-5.5063	0.00339052	1.83817	0.0172051
1463	-5.50631	0.00338822	1.83825	0.0171935
1464	-5.50631	0.00338592	1.83835	0.0171821
1465	-5.50629	0.00338363	1.83832	0.0171704
1466	-5.50629	0.00338133	1.83853	0.0171599
1467	-5.50623	0.00337956	1.83848	0.0171483
1468	-5.50624	0.00337726	1.83839	0.0171369
1469	-5.50627	0.00337505	1.83853	0.0171258
1470	-5.50624	0.0033729	1.8387	0.017115
1471	-5.5062	0.0033708	1.83883	0.0171039
1472	-5.50617	0.00336864	1.83938	0.0171012
1473	-5.50604	0.00336881	1.83982	0.0170951
1474	-5.50594	0.003368	1.84012	0.0170862
1475	-5.50589	0.00336616	1.84035	0.0170761
1476	-5.50585	0.00336408	1.84047	0.017065
1477	-5.50583	0.00336183	1.84053	0.0170535
1478	-5.50583	0.00335956	1.84047	0.0170421
1479	-5.50586	0.0033574	1.84055	0.0170308
1480	-5.50584	0.00335517	1.8407	0.01702
1481	-5.50584	0.00335291	1.84079	0.0170088
1482	-5.50584	0.00335065	1.84107	0.0169996
1483	-5.5058	0.00334863	1.84122	0.0169888
1484	-5.50578	0.00334645	1.84148	0.0169793
1485	-5.50573	0.00334463	1.84162	0.0169685
1486	-5.50571	0.00334242	1.84169	0.0169572
1487	-5.50571	0.00334017	1.84162	0.0169459
1488	-5.50574	0.00333802	1.8419	0.0169369
1489	-5.50569	0.00333612	1.84235	0.0169314
1490	-5.50559	0.00333524	1.84286	0.0169276
1491	-5.50548	0.00333494	1.84332	0.0169225
1492	-5.50538	0.00333433	1.84377	0.0169172
1493	-5.50527	0.00333365	1.84404	0.016908
1494	-5.50522	0.00333192	1.84419	0.0168974
1495	-5.50518	0.00332995	1.84441	0.0168875
1496	-5.50513	0.00332808	1.84463	0.0168777
1497	-5.50508	0.00332619	1.84503	0.016871
1498	-5.505	0.00332491	1.8454	0.0168638
1499	-5.50492	0.0033236	1.84572	0.0168557
1500	-5.50487	0.00332179	1.84622	0.0168519
1501	-5.50478	0.00332071	1.84656	0.0168441
1502	-5.50473	0.00331898	1.84683	0.0168351
1503	-5.50469	0.00331701	1.84732	0.016831
1504	-5.5046	0.00331587	1.84754	0.0168213
1505	-5.50456	0.00331396	1.84787	0.0168133
1506	-5.50449	0.00331254	1.84792	0.0168022
1507	-5.50446	0.00331043	1.84781	0.0167914
1508	-5.50448	0.00330826	1.84769	0.0167808
1509	-5.50449	0.00330611	1.84784	0.0167703
1510	-5.50446	0.00330413	1.84809	0.0167611
1511	-5.5044	0.00330245	1.84851	0.0167552
1512	-5.5043	0.00330166	1.84864	0.0167447
1513	-5.50426	0.00329971	1.84882	0.0167346
1514	-5.50422	0.00329778	1.8489	0.0167237
1515	-5.5042	0.00329571	1.84906	0.0167135
1516	-5.50415	0.0032939	1.84899	0.0167026
1517	-5.50414	0.00329173	1.84889	0.0166919
1518	-5.50414	0.00328956	1.84865	0.0166826
1519	-5.50419	0.00328772	1.84847	0.0166726
1520	-5.50423	0.00328577	1.84824	0.0166632
1521	-5.50427	0.00328386	1.84849	0.0166541
1522	-5.5042	0.00328248	1.84866	0.016644
1523	-5.50414	0.00328078	1.84844	0.0166346
1524	-5.50416	0.00327866	1.84814	0.0166264
1525	-5.5042	0.00327675	1.84804	0.0166158
1526	-5.50419	0.00327462	1.84784	0.0166061
1527	-5.5042	0.00327251	1.84776	0.0165955
1528	-5.5042	0.00327037	1.84751	0.0165865
1529	-5.50424	0.00326847	1.84733	0.0165767
1530	-5.50427	0.00326648	1.84713	0.0165669
1531	-5.50431	0.0032646	1.84715	0.0165561
1532	-5.50431	0.00326247	1.8471	0.0165454
1533	-5.50432	0.00326035	1.84676	0.0165382
1534	-5.50439	0.00325901	1.84657	0.0165285
1535	-5.50442	0.00325701	1.84637	0.0165189
1536	-5.50445	0.00325508	1.8461	0.0165104
1537	-5.5045	0.0032533	1.84591	0.0165007
1538	-5.50453	0.00325129	1.84559	0.0164932
1539	-5.50458	0.00324967	1.84548	0.0164829
1540	-5.5046	0.00324759	1.84534	0.0164728
1541	-5.50462	0.00324558	1.84523	0.0164624
1542	-5.50464	0.00324353	1.84518	0.0164519
1543	-5.50467	0.00324153	1.84494	0.016443
1544	-5.50473	0.00323997	1.84469	0.0164341
1545	-5.50478	0.00323835	1.84454	0.0164242
1546	-5.50483	0.00323663	1.84456	0.0164136
1547	-5.50484	0.00323457	1.84457	0.016403
1548	-5.50487	0.00323256	1.84453	0.0163924
1549	-5.50489	0.00323054	1.8445	0.0163819
1550	-5.5049	0.00322847	1.84424	0.0163734
1551	-5.50496	0.00322695	1.8442	0.0163629
1552	-5.50498	0.00322493	1.84376	0.0163583
1553	-5.50508	0.0032246	1.84373	0.0163478
1554	-5.50512	0.00322267	1.84382	0.0163375
1555	-5.50512	0.0032206	1.84388	0.0163272
1556	-5.50513	0.00321856	1.84412	0.0163183
1557	-5.50511	0.00321656	1.84413	0.0163079
1558	-5.50514	0.0032146	1.84403	0.0162977
1559	-5.50519	0.00321293	1.84403	0.0162873
1560	-5.50521	0.00321093	1.84383	0.016278
1561	-5.50526	0.00320934	1.84372	0.016268
1562	-5.50531	0.00320761	1.84368	0.0162577
1563	-5.50533	0.00320563	1.84346	0.0162488
1564	-5.50539	0.00320419	1.8434	0.0162385
1565	-5.5054	0.00320216	1.84345	0.0162282
1566	-5.50539	0.00320014	1.84354	0.0162181
1567	-5.50538	0.0031981	1.84381	0.01621
1568	-5.50533	0.00319652	1.84415	0.0162032
1569	-5.50525	0.00319541	1.84423	0.0161931
1570	-5.50525	0.00319338	1.84411	0.0161833
1571	-5.5053	0.00319173	1.84424	0.0161735
1572	-5.50529	0.00318973	1.84429	0.0161633
1573	-5.50529	0.0031877	1.84454	0.016155
1574	-5.50524	0.00318603	1.84478	0.0161465
1575	-5.50521	0.00318419	1.84516	0.0161407
1576	-5.50514	0.00318294	1.84526	0.0161308
1577	-5.50512	0.00318098	1.84526	0.0161206
1578	-5.50513	0.00317897	1.8451	0.0161112
1579	-5.50517	0.00317727	1.84525	0.0161017
1580	-5.50515	0.00317538	1.8454	0.0160922
1581	-5.50513	0.00317343	1.84566	0.0160841
1582	-5.5051	0.00317157	1.84586	0.0160753
1583	-5.50508	0.00316962	1.84584	0.0160651
1584	-5.50512	0.00316788	1.84566	0.0160561
1585	-5.50518	0.0031665	1.84564	0.0160459
1586	-5.5052	0.00316458	1.84587	0.0160375
1587	-5.50516	0.00316284	1.8459	0.0160274
1588	-5.50516	0.00316085	1.8459	0.0160173
1589	-5.50517	0.00315886	1.84616	0.0160094
1590	-5.50511	0.00315743	1.8464	0.0160012
1591	-5.50505	0.00315601	1.84666	0.0159933
1592	-5.505	0.00315436	1.84696	0.015986
1593	-5.50496	0.00315274	1.84733	0.0159803
1594	-5.50489	0.00315146	1.84769	0.0159742
1595	-5.50483	0.00315002	1.848	0.0159673
1596	-5.50478	0.00314842	1.84826	0.0159594
1597	-5.50474	0.00314674	1.84864	0.0159539
1598	-5.50466	0.00314585	1.84893	0.0159466
1599	-5.50459	0.00314454	1.84913	0.0159378
1600	-5.50456	0.0031428	1.8494	0.0159302
1601	-5.5045	0.00314128	1.84961	0.0159217
1602	-5.50447	0.00313953	1.84994	0.0159152
1603	-5.5044	0.00313826	1.85021	0.0159075
1604	-5.50436	0.00313657	1.85042	0.015899
1605	-5.50434	0.0031347	1.85056	0.0158897
1606	-5.50433	0.00313278	1.85049	0.01588
1607	-5.50436	0.00313102	1.85055	0.0158702
1608	-5.50438	0.00312913	1.85107	0.0158689
1609	-5.50429	0.00312846	1.85151	0.0158651
1610	-5.50422	0.0031272	1.85215	0.015868
1611	-5.50413	0.00312669	1.85258	0.015864
1612	-5.50408	0.00312508	1.85285	0.0158565
1613	-5.50407	0.00312316	1.85314	0.0158494
1614	-5.50406	0.00312127	1.8535	0.0158437
1615	-5.50401	0.00311969	1.85388	0.0158385
1616	-5.50396	0.00311819	1.85416	0.0158311
1617	-5.50392	0.00311652	1.85435	0.0158224
1618	-5.50389	0.00311475	1.85442	0.0158128
1619	-5.50388	0.00311283	1.85455	0.0158036
1620	-5.50387	0.00311094	1.85479	0.0157956
1621	-5.50383	0.00310922	1.85545	0.0157999
1622	-5.50369	0.00311033	1.85587	0.0157956
1623	-5.5036	0.00310966	1.8566	0.0158029
1624	-5.50346	0.00311133	1.85713	0.0158022
1625	-5.50334	0.00311148	1.85764	0.0158004
1626	-5.50323	0.00311143	1.85796	0.0157941
1627	-5.50317	0.00311028	1.85832	0.0157885
1628	-5.50309	0.00310941	1.85842	0.0157791
1629	-5.50306	0.00310759	1.85833	0.0157697
1630	-5.50309	0.00310581	1.85873	0.0157652
1631	-5.50301	0.00310491	1.8591	0.0157597
1632	-5.50294	0.00310376	1.85918	0.0157503
1633	-5.50294	0.00310186	1.8595	0.0157438
1634	-5.5029	0.00310023	1.85989	0.015739
1635	-5.50284	0.00309893	1.86008	0.0157305
1636	-5.50282	0.0030971	1.86031	0.0157227
1637	-5.50279	0.00309538	1.86068	0.0157173
1638	-5.50272	0.00309426	1.86107	0.0157126
1639	-5.50267	0.00309277	1.86182	0.0157207
1640	-5.50253	0.00309396	1.86266	0.0157337
1641	-5.50238	0.00309582	1.86341	0.0157419
1642	-5.50224	0.00309697	1.86426	0.0157555
1643	-5.50209	0.00309881	1.86514	0.0157703
1644	-5.50192	0.00310153	1.86563	0.0157682
1645	-5.50185	0.00310036	1.86606	0.0157645
1646	-5.50181	0.00309882	1.86661	0.0157647
1647	-5.50173	0.00309801	1.86714	0.015764
1648	-5.50165	0.00309718	1.86794	0.0157748
1649	-5.5015	0.00309875	1.86848	0.0157744
1650	-5.50142	0.00309802	1.86871	0.0157665
1651	-5.5014	0.00309619	1.86893	0.0157585
1652	-5.50138	0.00309436	1.86926	0.0157524
1653	-5.50133	0.00309289	1.86974	0.0157504
1654	-5.50124	0.0030925	1.87013	0.0157457
1655	-5.50117	0.00309139	1.87061	0.0157434
1656	-5.50108	0.00309073	1.87107	0.0157406
1657	-5.50099	0.00309028	1.87157	0.0157392
1658	-5.50088	0.00309027	1.87214	0.0157401
1659	-5.50075	0.0030911	1.87263	0.015738
1660	-5.50065	0.0030908	1.87285	0.0157301
1661	-5.50061	0.00308919	1.87303	0.0157216
1662	-5.50059	0.00308741	1.87334	0.0157152
1663	-5.50054	0.00308603	1.87367	0.0157094
1664	-5.50047	0.00308494	1.87382	0.0157006
1665	-5.50046	0.00308311	1.87389	0.0156913
1666	-5.50046	0.00308126	1.87414	0.015684
1667	-5.50042	0.00307964	1.87459	0.015681
1668	-5.50032	0.00307919	1.87506	0.0156785
1669	-5.50023	0.00307894	1.8755	0.0156754
1670	-5.50014	0.00307829	1.87599	0.0156735
1671	-5.50005	0.00307782	1.87626	0.0156666
1672	-5.50001	0.00307627	1.87659	0.0156605
1673	-5.49994	0.00307506	1.8769	0.0156543
1674	-5.49988	0.0030738	1.87727	0.0156494
1675	-5.4998	0.00307308	1.87783	0.0156501
1676	-5.49968	0.00307367	1.8782	0.015645
1677	-5.4996	0.00307288	1.87869	0.0156434
1678	-5.49948	0.00307326	1.87893	0.0156359
1679	-5.49942	0.00307198	1.87908	0.0156273
1680	-5.49939	0.0030703	1.8794	0.0156213
1681	-5.49934	0.00306901	1.87969	0.0156147
1682	-5.49929	0.00306761	1.87994	0.0156075
1683	-5.49924	0.00306613	1.88016	0.0155997
1684	-5.49919	0.00306468	1.88051	0.0155944
1685	-5.49912	0.00306377	1.88075	0.015587
1686	-5.49906	0.00306245	1.8809	0.0155784
1687	-5.49903	0.00306082	1.88098	0.0155694
1688	-5.49901	0.00305907	1.88142	0.0155666
1689	-5.49891	0.00305887	1.88164	0.0155588
1690	-5.49886	0.00305747	1.88167	0.0155496
1691	-5.49885	0.00305569	1.88171	0.0155405
1692	-5.49883	0.00305393	1.8818	0.0155315
1693	-5.4988	0.00305226	1.88182	0.0155224
1694	-5.49879	0.00305049	1.88194	0.0155137
1695	-5.49874	0.00304901	1.88192	0.0155046
1696	-5.49874	0.00304722	1.88178	0.015496
1697	-5.49877	0.00304558	1.88195	0.0154878
1698	-5.49872	0.0030441	1.88215	0.01548
1699	-5.49868	0.00304266	1.88226	0.0154713
1700	-5.49866	0.0030409	1.88271	0.0154685
1701	-5.49858	0.00304033	1.88328	0.0154702
1702	-5.49847	0.00304039	1.88373	0.0154676
1703	-5.49838	0.00303986	1.88392	0.0154597
1704	-5.49836	0.00303821	1.88397	0.0154507
1705	-5.49836	0.00303643	1.88428	0.0154446
1706	-5.4983	0.00303522	1.88417	0.0154359
1707	-5.49834	0.00303365	1.88414	0.0154269
1708	-5.49836	0.00303192	1.88413	0.0154179
1709	-5.49837	0.00303018	1.8843	0.0154098
1710	-5.49835	0.00302851	1.88441	0.0154012
1711	-5.49835	0.00302674	1.88473	0.0153954
1712	-5.49829	0.0030254	1.88506	0.01539
1713	-5.49823	0.00302424	1.8858	0.0153989
1714	-5.49808	0.0030263	1.88631	0.0153984
1715	-5.49798	0.00302616	1.88702	0.0154059
1716	-5.49783	0.00302821	1.88757	0.0154066
1717	-5.49771	0.00302869	1.88796	0.0154026
1718	-5.49764	0.00302774	1.88804	0.0153938
1719	-5.49763	0.003026	1.88819	0.0153856
1720	-5.49759	0.0030245	1.88851	0.01538
1721	-5.49752	0.00302374	1.88872	0.0153725
1722	-5.49747	0.00302236	1.88897	0.0153655
1723	-5.49741	0.00302113	1.8892	0.0153584
1724	-5.49736	0.00301985	1.88951	0.0153526
1725	-5.4973	0.00301875	1.88973	0.0153453
1726	-5.49726	0.00301726	1.88994	0.0153378
1727	-5.49722	0.0030157	1.89025	0.0153321
1728	-5.49717	0.00301449	1.89045	0.0153245
1729	-5.49714	0.00301289	1.89051	0.0153158
1730	-5.49714	0.00301115	1.89074	0.0153087
1731	-5.49709	0.0030098	1.8911	0.015304
1732	-5.497	0.00300945	1.89139	0.0152979
1733	-5.49694	0.0030084	1.89175	0.0152934
1734	-5.49686	0.0030077	1.89221	0.0152913
1735	-5.49676	0.00300753	1.89264	0.0152888
1736	-5.49666	0.00300734	1.89291	0.0152823
1737	-5.4966	0.00300629	1.89324	0.0152771
1738	-5.49653	0.00300537	1.89347	0.01527
1739	-5.49648	0.00300404	1.89369	0.0152628
1740	-5.49644	0.00300258	1.89367	0.0152541
1741	-5.49645	0.00300086	1.89356	0.0152457
1742	-5.49647	0.00299925	1.89359	0.015237
1743	-5.49646	0.00299755	1.89363	0.0152283
1744	-5.49645	0.00299585	1.8937	0.0152197
1745	-5.49643	0.0029942	1.89365	0.0152111
1746	-5.49643	0.00299249	1.89353	0.0152028
1747	-5.49645	0.00299082	1.8935	0.0151942
1748	-5.49645	0.00298911	1.8936	0.0151858
1749	-5.49642	0.00298755	1.89376	0.015178
1750	-5.49638	0.00298606	1.89401	0.0151713
1751	-5.49632	0.00298504	1.89468	0.0151776
1752	-5.49615	0.00298786	1.89488	0.0151703
1753	-5.49611	0.00298647	1.8952	0.0151649
1754	-5.49605	0.00298532	1.89532	0.0151567
1755	-5.49604	0.00298366	1.89564	0.0151515
1756	-5.49598	0.00298245	1.8962	0.0151533
1757	-5.49588	0.00298269	1.89687	0.0151597
1758	-5.49575	0.00298374	1.89738	0.0151593
1759	-5.49565	0.00298367	1.89791	0.0151602
1760	-5.49553	0.00298428	1.89823	0.015155
1761	-5.49547	0.00298328	1.89853	0.0151493
1762	-5.49541	0.00298206	1.89886	0.0151442
1763	-5.49535	0.0029811	1.89916	0.0151386
1764	-5.49529	0.00297997	1.89938	0.0151317
1765	-5.49525	0.00297858	1.89984	0.01513
1766	-5.49515	0.00297847	1.90019	0.0151255
1767	-5.49508	0.00297766	1.90028	0.0151172
1768	-5.49506	0.00297604	1.90032	0.0151087
1769	-5.49506	0.00297436	1.90032	0.0151002
1770	-5.49507	0.00297269	1.90046	0.0150923
1771	-5.49505	0.0029711	1.90038	0.015084
1772	-5.49506	0.00296944	1.90051	0.0150761
1773	-5.49501	0.00296815	1.90078	0.0150699
1774	-5.49493	0.00296767	1.90117	0.0150664
1775	-5.49482	0.00296804	1.90163	0.015065
1776	-5.4947	0.00296881	1.902	0.0150611
1777	-5.4946	0.00296857	1.90217	0.0150536
1778	-5.49457	0.00296713	1.90232	0.0150459
1779	-5.49453	0.00296573	1.90263	0.0150406
1780	-5.49446	0.00296484	1.90296	0.0150358
1781	-5.49439	0.00296412	1.90326	0.0150303
1782	-5.49432	0.00296319	1.90349	0.0150237
1783	-5.49426	0.00296215	1.90378	0.0150181
1784	-5.4942	0.00296099	1.90407	0.0150124
1785	-5.49414	0.00296006	1.90443	0.0150084
1786	-5.49405	0.00295958	1.90459	0.0150008
1787	-5.49401	0.00295834	1.90465	0.0149925
1788	-5.49398	0.00295677	1.90478	0.0149847
1789	-5.49395	0.00295531	1.90481	0.0149764
1790	-5.49394	0.00295367	1.90506	0.0149701
1791	-5.49389	0.00295239	1.90563	0.0149726
1792	-5.49377	0.00295339	1.9062	0.014975
1793	-5.49365	0.00295416	1.9067	0.0149752
1794	-5.49355	0.00295431	1.90735	0.0149808
1795	-5.49342	0.00295538	1.90788	0.0149817
1796	-5.49332	0.00295544	1.90836	0.0149811
1797	-5.49324	0.00295495	1.90875	0.014978
1798	-5.49317	0.00295414	1.90923	0.0149773
1799	-5.49306	0.00295432	1.9094	0.01497
1800	-5.49303	0.00295288	1.90954	0.0149623
1801	-5.49301	0.00295131	1.90958	0.014954
1802	-5.493	0.00294967	1.9095	0.0149459
1803	-5.49303	0.00294816	1.90946	0.0149377
1804	-5.49305	0.0029466	1.90937	0.0149297
1805	-5.49309	0.00294519	1.90939	0.0149214
1806	-5.4931	0.00294358	1.90929	0.0149135
1807	-5.49314	0.00294224	1.9091	0.0149064
1808	-5.4932	0.00294123	1.90897	0.0148988
1809	-5.49325	0.00293995	1.90904	0.0148907
1810	-5.49324	0.00293833	1.90925	0.014884
1811	-5.49321	0.0029369	1.90949	0.0148778
1812	-5.49315	0.0029358	1.90977	0.0148721
1813	-5.49309	0.00293479	1.91004	0.0148665
1814	-5.49304	0.00293367	1.9103	0.0148605
1815	-5.49299	0.00293247	1.91061	0.0148556
1816	-5.49293	0.00293145	1.91097	0.0148516
1817	-5.49287	0.00293047	1.91117	0.0148448
1818	-5.49284	0.002929	1.91151	0.0148406
1819	-5.49278	0.00292803	1.91188	0.0148371
1820	-5.49272	0.00292707	1.9122	0.0148324
1821	-5.49266	0.00292607	1.91271	0.014833
1822	-5.49256	0.00292621	1.913	0.0148277
1823	-5.49251	0.00292492	1.91317	0.0148205
1824	-5.4925	0.00292334	1.91338	0.0148139
1825	-5.49248	0.0029218	1.91367	0.0148086
1826	-5.49244	0.00292052	1.91388	0.0148019
1827	-5.49241	0.00291912	1.91435	0.0148015
1828	-5.49231	0.00291919	1.91466	0.0147967
1829	-5.49226	0.00291805	1.91505	0.0147936
1830	-5.49219	0.00291727	1.91521	0.0147864
1831	-5.49216	0.00291577	1.91533	0.0147788
1832	-5.49216	0.00291419	1.91567	0.0147747
1833	-5.49209	0.00291334	1.91595	0.0147694
1834	-5.49204	0.00291229	1.91611	0.0147621
1835	-5.49201	0.00291083	1.91641	0.0147572
1836	-5.49195	0.00290988	1.91675	0.0147531
1837	-5.49188	0.00290919	1.91716	0.0147509
1838	-5.49178	0.00290923	1.91748	0.0147462
1839	-5.49171	0.00290842	1.91778	0.0147414
1840	-5.49165	0.00290756	1.91833	0.0147434
1841	-5.49153	0.00290823	1.91872	0.0147407
1842	-5.49145	0.00290773	1.91908	0.014737
1843	-5.49138	0.002907	1.91963	0.0147394
1844	-5.49127	0.00290757	1.91997	0.0147351
1845	-5.49122	0.00290653	1.9202	0.014729
1846	-5.49119	0.00290509	1.92035	0.0147218
1847	-5.49118	0.00290353	1.92081	0.014721
1848	-5.49109	0.0029034	1.92112	0.0147163
1849	-5.49103	0.00290236	1.92164	0.0147175
1850	-5.49094	0.0029022	1.92227	0.014723
1851	-5.49082	0.00290312	1.92285	0.0147265
1852	-5.49072	0.00290339	1.92335	0.014727
1853	-5.49064	0.00290299	1.92373	0.0147241
1854	-5.49059	0.00290186	1.92398	0.0147182
1855	-5.49056	0.00290042	1.92441	0.0147165
1856	-5.4905	0.00289937	1.92475	0.0147127
1857	-5.49046	0.00289818	1.92537	0.0147177
1858	-5.49034	0.00289895	1.92576	0.0147149
1859	-5.49027	0.00289822	1.92642	0.014722
1860	-5.49014	0.00289968	1.92685	0.0147202
1861	-5.49006	0.00289935	1.92701	0.0147131
1862	-5.49004	0.00289784	1.92718	0.0147063
1863	-5.49002	0.00289633	1.92754	0.0147027
1864	-5.48997	0.00289526	1.92775	0.0146963
1865	-5.48995	0.00289379	1.92807	0.014692
1866	-5.4899	0.00289269	1.92858	0.0146927
1867	-5.48981	0.00289244	1.92905	0.0146926
1868	-5.48973	0.00289216	1.9295	0.0146915
1869	-5.48965	0.00289161	1.92996	0.0146909
1870	-5.48957	0.00289107	1.93002	0.0146832
1871	-5.48958	0.00288954	1.93011	0.0146756
1872	-5.48958	0.002888	1.93036	0.0146699
1873	-5.48954	0.00288677	1.93041	0.0146622
1874	-5.48953	0.00288523	1.93036	0.0146544
1875	-5.48955	0.00288377	1.93019	0.0146476
1876	-5.48959	0.00288252	1.92995	0.0146416
1877	-5.48964	0.00288138	1.92967	0.0146365
1878	-5.4897	0.00288038	1.92937	0.0146319
1879	-5.48976	0.00287959	1.9292	0.0146252
1880	-5.4898	0.00287828	1.92903	0.0146183
1881	-5.48984	0.00287708	1.92898	0.0146106
1882	-5.48986	0.00287559	1.92905	0.014603
1883	-5.48985	0.00287408	1.92884	0.0145967
1884	-5.48989	0.00287296	1.92876	0.0145892
1885	-5.48991	0.00287147	1.92871	0.0145815
1886	-5.48993	0.00287	1.92868	0.0145738
1887	-5.48992	0.00286849	1.92862	0.0145662
1888	-5.48992	0.00286698	1.92845	0.0145596
1889	-5.48996	0.0028657	1.92803	0.014558
1890	-5.49005	0.00286577	1.92761	0.0145561
1891	-5.49014	0.00286566	1.92738	0.0145503
1892	-5.49018	0.00286439	1.9272	0.0145438
1893	-5.49021	0.00286307	1.9271	0.0145364
1894	-5.49024	0.00286165	1.92702	0.014529
1895	-5.49025	0.00286016	1.92696	0.0145214
1896	-5.49025	0.00285866	1.92704	0.014514
1897	-5.49022	0.0028573	1.9271	0.0145065
1898	-5.4902	0.00285584	1.92706	0.0144989
1899	-5.4902	0.00285434	1.92678	0.0144939
1900	-5.49024	0.00285314	1.92661	0.0144873
1901	-5.49026	0.00285169	1.92631	0.0144828
1902	-5.4903	0.00285048	1.92613	0.0144763
1903	-5.49031	0.00284901	1.92605	0.0144689
1904	-5.4903	0.00284753	1.92634	0.0144643
1905	-5.49022	0.00284741	1.92669	0.0144609
1906	-5.49013	0.00284732	1.92687	0.0144545
1907	-5.49007	0.00284633	1.92696	0.0144472
1908	-5.49004	0.00284499	1.92694	0.0144397
1909	-5.49004	0.0028435	1.92683	0.0144325
1910	-5.49006	0.00284209	1.92683	0.0144249
1911	-5.49007	0.0028406	1.9268	0.0144174
1912	-5.49007	0.00283913	1.92681	0.0144099
1913	-5.49006	0.00283768	1.92676	0.0144024
1914	-5.49007	0.00283622	1.92684	0.0143951
1915	-5.49005	0.0028348	1.92709	0.0143898
1916	-5.49001	0.0028337	1.92724	0.0143831
1917	-5.48999	0.00283229	1.92741	0.0143766
1918	-5.48996	0.0028309	1.92747	0.0143693
1919	-5.48996	0.00282943	1.92752	0.0143618
1920	-5.48995	0.00282798	1.9274	0.0143548
1921	-5.48996	0.00282651	1.92736	0.0143474
1922	-5.48995	0.00282505	1.92733	0.01434
1923	-5.48995	0.00282358	1.92726	0.0143327
1924	-5.48996	0.00282212	1.92702	0.0143273
1925	-5.49	0.00282097	1.92683	0.0143211
1926	-5.49003	0.00281962	1.92661	0.0143154
1927	-5.49007	0.00281848	1.92652	0.0143082
1928	-5.49009	0.00281708	1.92624	0.0143035
1929	-5.49014	0.00281614	1.9261	0.0142968
1930	-5.49017	0.00281477	1.92592	0.0142905
1931	-5.49021	0.00281369	1.92583	0.0142834
1932	-5.49025	0.00281243	1.92589	0.0142761
1933	-5.49024	0.00281099	1.92615	0.0142711
1934	-5.49018	0.00281013	1.92634	0.014265
1935	-5.49014	0.002809	1.92663	0.0142605
1936	-5.49006	0.00280857	1.92661	0.0142532
1937	-5.49006	0.00280712	1.92634	0.0142485
1938	-5.49013	0.00280637	1.92648	0.0142419
1939	-5.49009	0.0028051	1.92658	0.0142349
1940	-5.49008	0.0028037	1.92674	0.0142285
1941	-5.49004	0.00280256	1.92683	0.0142214
1942	-5.49	0.00280131	1.92705	0.0142158
1943	-5.48995	0.00280037	1.927	0.0142086
1944	-5.48996	0.00279896	1.92716	0.0142022
1945	-5.48994	0.0027976	1.92747	0.0141983
1946	-5.48989	0.00279672	1.92772	0.0141932
1947	-5.48984	0.00279569	1.92797	0.0141881
1948	-5.4898	0.00279453	1.92829	0.0141845
1949	-5.48974	0.00279371	1.92869	0.0141829
1950	-5.48967	0.00279315	1.92907	0.0141807
1951	-5.48961	0.00279245	1.92965	0.0141853
1952	-5.4895	0.00279317	1.93034	0.0141948
1953	-5.48936	0.00279499	1.93091	0.014199
1954	-5.48925	0.00279585	1.93111	0.0141932
1955	-5.48922	0.00279459	1.93136	0.0141881
1956	-5.48918	0.00279343	1.9314	0.0141809
1957	-5.48919	0.00279201	1.93156	0.0141745
1958	-5.48917	0.00279065	1.93188	0.0141711
1959	-5.4891	0.00278996	1.93215	0.0141664
1960	-5.48906	0.00278883	1.93269	0.0141692
1961	-5.48898	0.00278856	1.93307	0.0141672
1962	-5.48893	0.00278769	1.93346	0.0141653
1963	-5.48886	0.00278699	1.93373	0.0141607
1964	-5.48883	0.00278581	1.93397	0.0141556
1965	-5.48879	0.00278468	1.93408	0.0141488
1966	-5.48877	0.00278332	1.93427	0.0141428
1967	-5.48874	0.00278203	1.93453	0.0141381
1968	-5.48869	0.00278102	1.93465	0.0141314
1969	-5.48868	0.00277964	1.93467	0.0141242
1970	-5.4887	0.00277828	1.9347	0.0141171
1971	-5.48871	0.00277692	1.93459	0.0141104
1972	-5.48875	0.00277572	1.93455	0.0141033
1973	-5.48878	0.00277448	1.93456	0.0140961
1974	-5.48879	0.0027731	1.93473	0.01409
1975	-5.48877	0.0027718	1.93469	0.014083
1976	-5.48879	0.0027705	1.93482	0.0140764
1977	-5.48879	0.00276911	1.93495	0.0140699
1978	-5.48878	0.00276771	1.93505	0.0140631
1979	-5.48878	0.00276631	1.93529	0.0140582
1980	-5.48874	0.00276518	1.93551	0.0140528
1981	-5.48872	0.00276389	1.93605	0.0140559
1982	-5.48862	0.00276419	1.93642	0.0140538
1983	-5.48855	0.00276359	1.93677	0.0140511
1984	-5.48849	0.00276302	1.93729	0.0140534
1985	-5.48838	0.00276372	1.9378	0.0140555
1986	-5.48826	0.00276479	1.9381	0.0140518
1987	-5.48819	0.00276434	1.93824	0.0140455
1988	-5.48815	0.00276323	1.9384	0.0140393
1989	-5.48812	0.00276201	1.93855	0.014033
1990	-5.4881	0.00276071	1.93853	0.0140259
1991	-5.48811	0.00275939	1.93846	0.0140191
1992	-5.48815	0.00275825	1.93839	0.0140122
1993	-5.48819	0.00275708	1.93843	0.0140053
1994	-5.4882	0.00275572	1.93857	0.0139989
1995	-5.48818	0.00275439	1.93883	0.0139945
1996	-5.48813	0.00275349	1.9392	0.0139922
1997	-5.48806	0.00275305	1.93965	0.0139923
1998	-5.48797	0.00275318	1.9399	0.0139876
1999	-5.48792	0.00275223	1.94006	0.0139816
