# Blocco	Energia Media	Errore Energia	Pressione Media	Errore Pressione
1	-0.249296	0.0	0.0473974	0.0
2	-0.274853	0.0180718	0.0489039	0.00106525
3	-0.304085	0.0267357	0.0511346	0.00195486
4	-0.332413	0.0316852	0.0539782	0.00286608
5	-0.336787	0.0256483	0.0523569	0.00271295
6	-0.341935	0.0218842	0.050072	0.00307605
7	-0.337806	0.0191435	0.0517983	0.00308323
8	-0.346298	0.0185386	0.0506473	0.00290475
9	-0.349359	0.0167295	0.0512532	0.00264445
10	-0.35076	0.0151151	0.0511703	0.0023813
11	-0.3509	0.0137417	0.0511152	0.00216546
12	-0.357283	0.0140007	0.0501582	0.00218624
13	-0.360403	0.013267	0.0499197	0.00203104
14	-0.364788	0.0130239	0.0492443	0.0019951
15	-0.371206	0.0136456	0.0488128	0.00190819
16	-0.371245	0.0127928	0.0484116	0.00183063
17	-0.373335	0.0122097	0.0482596	0.00172924
18	-0.373958	0.0115473	0.0482797	0.00163329
19	-0.374645	0.0109599	0.048462	0.00155747
20	-0.377874	0.0108774	0.0485832	0.0014843
21	-0.382091	0.0111469	0.0486058	0.00141379
22	-0.384351	0.0108668	0.0484796	0.00135515
23	-0.385659	0.0104727	0.0487652	0.00132599
24	-0.390207	0.01098	0.0491037	0.00131325
25	-0.394568	0.0113738	0.0490551	0.00126162
26	-0.395316	0.0109609	0.0488786	0.00122537
27	-0.394993	0.0105597	0.0489472	0.00118191
28	-0.392283	0.0105246	0.0492736	0.00118391
29	-0.392581	0.0101659	0.0490335	0.00116718
30	-0.39181	0.00985617	0.0491643	0.00113558
31	-0.391922	0.00953887	0.0490303	0.00110683
32	-0.392019	0.00924127	0.0490622	0.0010727
33	-0.391686	0.00896722	0.0492032	0.00104942
34	-0.392968	0.00879462	0.0490557	0.00102886
35	-0.394432	0.00866434	0.0490357	0.000999661
36	-0.393218	0.00850822	0.049367	0.00102532
37	-0.393741	0.00829432	0.0493238	0.000998518
38	-0.394987	0.00816907	0.0493385	0.00097235
39	-0.394588	0.00796936	0.0495042	0.000961432
40	-0.39589	0.00787586	0.0493227	0.000954373
41	-0.397519	0.00785036	0.0491302	0.000950319
42	-0.398502	0.00772479	0.0490634	0.000930041
43	-0.399503	0.00760968	0.0490548	0.000908451
44	-0.400524	0.00750493	0.0490542	0.000887805
45	-0.401665	0.00742439	0.0493377	0.000912233
46	-0.401795	0.00726413	0.0492422	0.000897386
47	-0.402677	0.00716291	0.0492713	0.000878765
48	-0.403977	0.0071306	0.0492258	0.000861635
49	-0.405256	0.00709891	0.0491827	0.000845129
50	-0.406115	0.00700871	0.0490685	0.000835912
51	-0.406746	0.0068996	0.0489924	0.000822979
52	-0.406308	0.00678079	0.0492053	0.000834251
53	-0.407251	0.00671819	0.0491503	0.000820321
54	-0.40773	0.00661083	0.0489922	0.000820234
55	-0.406977	0.00653347	0.048972	0.000805568
56	-0.405639	0.00655236	0.0489699	0.000791186
57	-0.404856	0.00648396	0.0491649	0.000800967
58	-0.405104	0.00637692	0.049125	0.00078815
59	-0.40387	0.00638718	0.0492831	0.000790495
60	-0.403661	0.00628414	0.0492839	0.00077732
61	-0.403751	0.00618177	0.0492223	0.000767012
62	-0.403062	0.0061204	0.0492272	0.000754657
63	-0.401854	0.00614119	0.0493408	0.000751182
64	-0.401852	0.00604524	0.0494773	0.000751742
65	-0.402627	0.00600171	0.049572	0.000746127
66	-0.403415	0.00596225	0.0496562	0.000739555
67	-0.403693	0.00587974	0.0495553	0.000735377
68	-0.403563	0.0057947	0.0497123	0.000741146
69	-0.403062	0.00573234	0.0500012	0.000784686
70	-0.403406	0.00566076	0.0500415	0.00077451
71	-0.403703	0.00558881	0.0500746	0.000764307
72	-0.403852	0.00551318	0.0500843	0.000753754
73	-0.40246	0.00561077	0.0500803	0.00074344
74	-0.40157	0.00560503	0.0499679	0.000741848
75	-0.401337	0.00553512	0.0498701	0.000738374
76	-0.399999	0.00562187	0.049857	0.000728774
77	-0.400107	0.0055499	0.0498271	0.000719924
78	-0.399913	0.00548216	0.0496899	0.000723648
79	-0.400275	0.00542476	0.0496091	0.000718983
80	-0.400242	0.00535705	0.0494998	0.000718256
81	-0.400486	0.00529643	0.0494674	0.00071012
82	-0.400674	0.00523521	0.0494193	0.000703088
83	-0.400405	0.00517904	0.0493795	0.000695744
84	-0.400671	0.00512419	0.0494001	0.000687767
85	-0.399923	0.00511816	0.0495328	0.000692356
86	-0.399866	0.00505897	0.049542	0.000684366
87	-0.399742	0.00500235	0.0496956	0.000693528
88	-0.399839	0.00494645	0.0498285	0.000698261
89	-0.40043	0.00492606	0.0497722	0.00069268
90	-0.401825	0.00506497	0.049831	0.000687474
91	-0.404105	0.00549828	0.0497735	0.000682321
92	-0.406058	0.00577525	0.0495624	0.000706802
93	-0.40771	0.00594464	0.0493884	0.000720305
94	-0.408938	0.00600681	0.0493654	0.000713008
95	-0.40911	0.00594606	0.0493658	0.000705503
96	-0.409127	0.00588415	0.0493427	0.000698531
97	-0.409067	0.0058238	0.0492927	0.000693119
98	-0.408762	0.00577231	0.0491988	0.000692384
99	-0.408953	0.00571714	0.0491379	0.000688062
100	-0.409489	0.00568505	0.0489883	0.000697253
101	-0.409958	0.00564811	0.0489558	0.000691107
102	-0.409984	0.00559279	0.0490311	0.000688424
103	-0.410256	0.00554508	0.0489928	0.000682807
104	-0.410287	0.00549185	0.0490203	0.000676796
105	-0.410489	0.00544325	0.0490267	0.000670381
106	-0.410494	0.0053919	0.0489898	0.00066507
107	-0.410372	0.0053429	0.0489464	0.000660267
108	-0.410022	0.00530485	0.0489497	0.000654162
109	-0.41027	0.00526199	0.0488634	0.000653824
110	-0.41051	0.00521961	0.0487725	0.000654168
111	-0.410797	0.0051805	0.048779	0.000648307
112	-0.410811	0.00513426	0.0488331	0.000644777
113	-0.410751	0.00508918	0.0487625	0.00064293
114	-0.411276	0.00507147	0.0487626	0.00063729
115	-0.411511	0.00503281	0.0487244	0.000632898
116	-0.41217	0.00503244	0.0486809	0.000628935
117	-0.412797	0.00502834	0.0487632	0.000628925
118	-0.412876	0.00498634	0.0486962	0.000627147
119	-0.412667	0.0049488	0.0486763	0.000622193
120	-0.412317	0.00491991	0.0485883	0.000623202
121	-0.412354	0.00487939	0.0485105	0.00062289
122	-0.412167	0.00484298	0.0484542	0.000620322
123	-0.41236	0.00480744	0.0484918	0.000616413
124	-0.412811	0.00478976	0.0485035	0.000611553
125	-0.412778	0.00475155	0.0485231	0.000606974
126	-0.412558	0.00471891	0.0485011	0.000602555
127	-0.412508	0.00468202	0.0484769	0.000598298
128	-0.412717	0.00465011	0.0484297	0.000595482
129	-0.413036	0.00462497	0.0484736	0.000592488
130	-0.413726	0.0046407	0.0484715	0.000587934
131	-0.413817	0.00460617	0.0485254	0.000585906
132	-0.413369	0.004593	0.048632	0.000591101
133	-0.412899	0.0045825	0.0486629	0.00058746
134	-0.412441	0.00457114	0.0488163	0.000602785
135	-0.41244	0.00453728	0.0487722	0.000599933
136	-0.412281	0.00450668	0.048759	0.000595666
137	-0.412027	0.00448098	0.0486951	0.000594736
138	-0.411799	0.0044543	0.0486544	0.000591823
139	-0.411947	0.00442471	0.04866	0.000587592
140	-0.411354	0.00443262	0.0487269	0.000587192
141	-0.410783	0.00443784	0.0487287	0.00058303
142	-0.410985	0.00441119	0.0486919	0.000580081
143	-0.410769	0.00438561	0.048653	0.000577329
144	-0.411163	0.00437277	0.048632	0.000573701
145	-0.411697	0.00437518	0.0486484	0.000569978
146	-0.41188	0.00434902	0.0486898	0.000567576
147	-0.41207	0.00432359	0.0486751	0.000563905
148	-0.412071	0.00429438	0.0486552	0.000560448
149	-0.411402	0.00431738	0.0487496	0.000564587
150	-0.41082	0.00432772	0.0488313	0.000566708
151	-0.410525	0.00430907	0.0487772	0.00056553
152	-0.410267	0.00428847	0.0487331	0.000563532
153	-0.409884	0.00427748	0.0488155	0.000565851
154	-0.409677	0.0042547	0.0489143	0.000570723
155	-0.409763	0.00422813	0.0489084	0.000567072
156	-0.409555	0.00420616	0.0488564	0.000565813
157	-0.409391	0.00418255	0.0488646	0.000562269
158	-0.40962	0.00416231	0.048852	0.000558851
159	-0.409579	0.00413633	0.0488785	0.000555962
160	-0.409484	0.00411156	0.0489011	0.000552946
161	-0.409368	0.00408765	0.0489326	0.000550412
162	-0.409053	0.00407455	0.0490117	0.000552668
163	-0.408824	0.00405598	0.0490468	0.000550392
164	-0.408579	0.00403867	0.0489728	0.000551993
165	-0.408568	0.00401421	0.0489657	0.000548694
166	-0.408425	0.00399257	0.0489902	0.000545938
167	-0.408167	0.00397699	0.0490419	0.000545112
168	-0.408444	0.00396292	0.0490503	0.000541931
169	-0.408468	0.00393954	0.0490753	0.000539303
170	-0.409002	0.00395246	0.049044	0.000537038
171	-0.409233	0.00393605	0.0490336	0.000533997
172	-0.408947	0.00392349	0.0489853	0.000533079
173	-0.408516	0.00392448	0.0489698	0.000530221
174	-0.408484	0.00390206	0.0489783	0.000527241
175	-0.408321	0.00388316	0.0488993	0.000530114
176	-0.408046	0.0038708	0.0489107	0.000527223
177	-0.407949	0.00385015	0.0488407	0.000528867
178	-0.408145	0.00383351	0.0487765	0.000529777
179	-0.407729	0.00383458	0.0488119	0.000528
180	-0.407478	0.00382152	0.048796	0.000525306
181	-0.40726	0.00380661	0.0487953	0.000522405
182	-0.406829	0.00381004	0.0488555	0.000522992
183	-0.40663	0.0037944	0.0489171	0.000523758
184	-0.406398	0.00378085	0.0489481	0.000521829
185	-0.406553	0.00376359	0.048943	0.000519033
186	-0.406669	0.00374512	0.0489052	0.000517616
187	-0.406912	0.00373299	0.0488533	0.000517448
188	-0.407619	0.00377942	0.0488321	0.00051513
189	-0.40796	0.00377483	0.0488075	0.000512992
190	-0.407952	0.00375497	0.048831	0.000510833
191	-0.407903	0.00373563	0.0488595	0.000508955
192	-0.408074	0.00372012	0.0488584	0.000506305
193	-0.408301	0.00370775	0.0489314	0.000508912
194	-0.408296	0.00368864	0.0489845	0.000509055
195	-0.408105	0.00367468	0.0490024	0.000506759
196	-0.407883	0.00366261	0.0490063	0.000504189
197	-0.407953	0.00364468	0.0489662	0.000503222
198	-0.408357	0.00364859	0.0489813	0.000500908
199	-0.40878	0.00365472	0.048973	0.00049846
200	-0.40903	0.00364501	0.0489967	0.000496529
201	-0.409229	0.00363231	0.0489274	0.000498869
202	-0.409487	0.00362344	0.0489045	0.000496924
203	-0.409629	0.00360838	0.048862	0.000496293
204	-0.409777	0.00359373	0.0488104	0.000496532
205	-0.409767	0.00357622	0.0487626	0.00049641
206	-0.409802	0.00355903	0.04872	0.000495823
207	-0.409838	0.00354201	0.0487348	0.000493647
208	-0.409948	0.00352671	0.0487359	0.000491275
209	-0.410261	0.00352371	0.0487148	0.000489377
210	-0.410403	0.00350977	0.0486997	0.000487281
211	-0.410608	0.00349912	0.0487612	0.000488838
212	-0.410677	0.0034833	0.0487282	0.000487644
213	-0.410927	0.00347586	0.0487261	0.000485359
214	-0.41107	0.00346258	0.0486845	0.00048487
215	-0.411248	0.00345104	0.0486241	0.000486367
216	-0.411627	0.00345583	0.0486164	0.000484176
217	-0.41193	0.00345312	0.0486246	0.000482015
218	-0.41207	0.00344014	0.0486746	0.000482386
219	-0.412269	0.00343018	0.0486884	0.000480383
220	-0.412563	0.00342718	0.048651	0.000479659
221	-0.412623	0.00341219	0.0486525	0.000477491
222	-0.412709	0.00339791	0.0487203	0.000480132
223	-0.412954	0.0033915	0.0486895	0.000478965
224	-0.41281	0.00337939	0.0486908	0.000476829
225	-0.412801	0.00336439	0.0487046	0.000474909
226	-0.412592	0.00335598	0.0487064	0.000472811
227	-0.412801	0.00334766	0.0486611	0.000472892
228	-0.413007	0.0033393	0.0486078	0.000473821
229	-0.413212	0.00333101	0.0486217	0.000471957
230	-0.413151	0.00331708	0.0485774	0.000471976
231	-0.413194	0.003303	0.048583	0.000469966
232	-0.413161	0.00328893	0.0486013	0.000468294
233	-0.412964	0.00328069	0.0485672	0.000467524
234	-0.413115	0.00327013	0.0485334	0.000466749
235	-0.41323	0.00325824	0.0485589	0.000465463
236	-0.413355	0.00324686	0.0485467	0.000463652
237	-0.413636	0.00324529	0.0485388	0.000461763
238	-0.413937	0.00324558	0.0485123	0.000460579
239	-0.414219	0.0032442	0.0485709	0.000462359
240	-0.414274	0.00323114	0.048611	0.000462168
241	-0.41415	0.00322011	0.0487577	0.000482977
242	-0.414027	0.00320914	0.0488195	0.000484916
243	-0.41409	0.00319655	0.0488256	0.000482959
244	-0.414223	0.00318619	0.0488789	0.000483913
245	-0.414012	0.00318012	0.0488877	0.000482017
246	-0.413942	0.00316798	0.048886	0.000480061
247	-0.413963	0.00315522	0.048899	0.000478293
248	-0.413991	0.00314262	0.0488632	0.000477709
249	-0.413713	0.00314226	0.0488284	0.000477052
250	-0.413796	0.00313078	0.0488065	0.000475647
251	-0.413705	0.00311963	0.0488014	0.00047378
252	-0.413402	0.00312185	0.0488275	0.000472619
253	-0.413193	0.00311656	0.0488113	0.000471027
254	-0.413301	0.00310616	0.0488085	0.000469181
255	-0.413166	0.00309688	0.048835	0.000468089
256	-0.413094	0.00308563	0.0488121	0.00046682
257	-0.413218	0.00307611	0.0487794	0.000466146
258	-0.413358	0.0030674	0.0487576	0.000464849
259	-0.413524	0.00306002	0.0487499	0.000463119
260	-0.413596	0.0030491	0.0487865	0.000462782
261	-0.41351	0.00303863	0.0487957	0.0004611
262	-0.41377	0.00303813	0.0487792	0.000459636
263	-0.413783	0.00302661	0.0487261	0.000460939
264	-0.413866	0.00301629	0.0486811	0.000461384
265	-0.413878	0.00300493	0.0486573	0.00046026
266	-0.414095	0.00300148	0.0486136	0.000460593
267	-0.414296	0.00299692	0.0485621	0.000461746
268	-0.414151	0.00298925	0.0485348	0.000460826
269	-0.41411	0.00297841	0.0485281	0.000459162
270	-0.414088	0.00296746	0.0485372	0.000457551
271	-0.41395	0.00295971	0.0485528	0.000456129
272	-0.413905	0.00294918	0.0485263	0.000455217
273	-0.41393	0.00293848	0.0484955	0.000454591
274	-0.413902	0.00292788	0.0484921	0.000452945
275	-0.41423	0.0029355	0.0484827	0.000451396
276	-0.414398	0.00292967	0.0484756	0.000449816
277	-0.414329	0.00291991	0.0484606	0.00044844
278	-0.414453	0.00291204	0.0484275	0.00044805
279	-0.414698	0.00291192	0.048424	0.000446458
280	-0.414894	0.00290811	0.0483908	0.000446094
281	-0.41497	0.00289876	0.0483926	0.00044451
282	-0.414847	0.00289112	0.0484119	0.000443354
283	-0.414505	0.00290105	0.0484345	0.000442365
284	-0.414411	0.00289235	0.0484436	0.000440901
285	-0.414324	0.00288352	0.0484388	0.000439381
286	-0.41437	0.00287381	0.0484708	0.000439007
287	-0.414241	0.00286671	0.0484954	0.00043817
288	-0.41414	0.00285853	0.0485323	0.000438202
289	-0.414013	0.00285148	0.0485453	0.000436876
290	-0.413866	0.00284542	0.0485442	0.000435371
291	-0.413901	0.00283586	0.048532	0.000434046
292	-0.413901	0.00282615	0.0485056	0.000433362
293	-0.414176	0.00282983	0.048505	0.000431884
294	-0.414485	0.00283697	0.0485039	0.000430416
295	-0.414532	0.00282776	0.048499	0.000428985
296	-0.414769	0.00282811	0.048504	0.000427564
297	-0.414867	0.00282027	0.0485124	0.000426208
298	-0.414904	0.00281105	0.0485013	0.000424924
299	-0.414992	0.00280303	0.0484719	0.000424513
300	-0.415214	0.00280244	0.0484992	0.000423972
301	-0.415363	0.00279709	0.0484982	0.000422564
302	-0.415101	0.00280009	0.0485072	0.000421261
303	-0.414918	0.0027968	0.0485367	0.000420904
304	-0.414613	0.0028042	0.0485648	0.000420454
305	-0.414814	0.00280218	0.0485921	0.000419962
306	-0.41494	0.00279588	0.048612	0.000419062
307	-0.415149	0.00279457	0.0486049	0.000417758
308	-0.415151	0.0027855	0.0486085	0.000416417
309	-0.414959	0.00278306	0.0486026	0.000415111
310	-0.414802	0.00277851	0.0485831	0.000414227
311	-0.414522	0.00278369	0.0485849	0.000412899
312	-0.414293	0.00278416	0.0485969	0.000411752
313	-0.414362	0.00277613	0.048546	0.000413573
314	-0.414281	0.00276847	0.0485011	0.000414691
315	-0.41415	0.00276277	0.0484973	0.000413391
316	-0.414197	0.00275443	0.0484974	0.000412083
317	-0.414373	0.00275131	0.0484703	0.000411672
318	-0.414487	0.00274502	0.0484431	0.000411275
319	-0.414404	0.00273765	0.0484454	0.000409992
320	-0.414219	0.00273538	0.048437	0.000408795
321	-0.414242	0.00272696	0.0484454	0.000407608
322	-0.41443	0.002725	0.0484558	0.000406474
323	-0.414458	0.0027167	0.04847	0.000405462
324	-0.414235	0.00271742	0.0485423	0.000410614
325	-0.41401	0.0027184	0.048557	0.000409613
326	-0.413948	0.00271076	0.0485982	0.000410421
327	-0.414011	0.00270318	0.0485751	0.000409814
328	-0.413806	0.00270267	0.0485549	0.000409065
329	-0.413797	0.00269448	0.0485415	0.00040804
330	-0.413881	0.00268764	0.0485162	0.000407587
331	-0.413942	0.0026802	0.0485222	0.000406401
332	-0.413795	0.00267616	0.048551	0.000406194
333	-0.413752	0.00266847	0.0485459	0.000405006
334	-0.413528	0.00266987	0.0485391	0.000403851
335	-0.413428	0.00266378	0.0485361	0.000402656
336	-0.413365	0.0026566	0.048557	0.000402002
337	-0.413526	0.00265363	0.0485553	0.000400813
338	-0.413762	0.00265628	0.0485435	0.0003998
339	-0.413852	0.00264994	0.0485484	0.000398651
340	-0.4137	0.0026465	0.0486104	0.000402271
341	-0.413594	0.00264084	0.048631	0.000401615
342	-0.413328	0.00264645	0.048614	0.0004008
343	-0.413107	0.00264802	0.0486286	0.000399897
344	-0.412973	0.00264371	0.0486632	0.000400233
345	-0.412878	0.00263774	0.048677	0.00039931
346	-0.413131	0.0026422	0.0486637	0.000398378
347	-0.413383	0.00264658	0.0486596	0.000397251
348	-0.41364	0.00265147	0.0486564	0.000396122
349	-0.413805	0.00264897	0.0486494	0.000395048
350	-0.41363	0.00264718	0.048691	0.000396097
351	-0.413193	0.00267537	0.0487275	0.000396652
352	-0.413057	0.00267126	0.0487276	0.000395525
353	-0.412951	0.00266578	0.0487582	0.000395586
354	-0.412845	0.00266037	0.048808	0.000397599
355	-0.412684	0.00265775	0.0488252	0.00039685
356	-0.412592	0.00265185	0.0488277	0.000395743
357	-0.412567	0.00264454	0.0488493	0.000395223
358	-0.412557	0.00263717	0.0488705	0.00039469
359	-0.412522	0.00263006	0.0488764	0.000393634
360	-0.412377	0.00262675	0.0488953	0.000392997
361	-0.412387	0.00261949	0.0489011	0.000391951
362	-0.412278	0.00261453	0.0489128	0.000391041
363	-0.412316	0.0026076	0.0489273	0.000390236
364	-0.412285	0.00260061	0.0489447	0.00038955
365	-0.412209	0.00259461	0.0489171	0.000389457
366	-0.412166	0.00258788	0.0488838	0.000389819
367	-0.412114	0.00258135	0.0488483	0.000390371
368	-0.412112	0.00257434	0.0488216	0.000390222
369	-0.412276	0.00257257	0.0488074	0.000389421
370	-0.412515	0.0025767	0.0488121	0.000388397
371	-0.412707	0.00257685	0.0487987	0.000387584
372	-0.412697	0.00256994	0.0488014	0.000386552
373	-0.412702	0.00256306	0.0487804	0.000386088
374	-0.412689	0.00255623	0.0487563	0.000385804
375	-0.412669	0.00254949	0.0487494	0.000384837
376	-0.412517	0.00254727	0.0487277	0.000384426
377	-0.412283	0.00255118	0.0487898	0.000388395
378	-0.412145	0.00254821	0.0488081	0.000387798
379	-0.412035	0.00254385	0.0487916	0.000387126
380	-0.411992	0.00253752	0.0487856	0.000386153
381	-0.411809	0.00253748	0.0487992	0.00038538
382	-0.411765	0.00253121	0.0487732	0.00038525
383	-0.411742	0.00252471	0.0487911	0.000384662
384	-0.41177	0.00251829	0.0488082	0.000384038
385	-0.411845	0.00251286	0.0488215	0.000383271
386	-0.411609	0.00251739	0.048856	0.000383827
387	-0.41156	0.00251135	0.0488554	0.000382836
388	-0.411585	0.002505	0.0488348	0.000382403
389	-0.411499	0.00250006	0.048837	0.000381426
390	-0.411409	0.00249526	0.0488409	0.000380468
391	-0.411556	0.00249318	0.0488234	0.000379898
392	-0.411483	0.00248788	0.0488078	0.000379247
393	-0.411566	0.00248294	0.0487997	0.000378369
394	-0.411465	0.00247869	0.0487862	0.00037765
395	-0.411247	0.00248203	0.0487797	0.000376749
396	-0.411031	0.00248511	0.0488158	0.000377518
397	-0.410859	0.0024848	0.0488649	0.000379754
398	-0.410825	0.00247878	0.0488641	0.0003788
399	-0.410779	0.00247299	0.0488591	0.000377884
400	-0.410639	0.00247081	0.0488476	0.000377117
401	-0.410571	0.00246557	0.0488171	0.000377408
402	-0.410521	0.00245995	0.0487804	0.000378244
403	-0.410383	0.0024577	0.0487808	0.000377306
404	-0.41022	0.00245704	0.0487615	0.000376863
405	-0.410085	0.00245467	0.0487828	0.000376536
406	-0.409969	0.00245136	0.0487886	0.000375653
407	-0.410039	0.00244632	0.0487813	0.000374801
408	-0.409899	0.00244432	0.0488119	0.000375131
409	-0.409676	0.00244852	0.048795	0.000374598
410	-0.409528	0.00244697	0.0487928	0.00037369
411	-0.409451	0.00244224	0.0487803	0.000372991
412	-0.409363	0.00243791	0.0488	0.000372607
413	-0.409344	0.00243208	0.0488075	0.000371781
414	-0.409362	0.00242627	0.0487995	0.000370969
415	-0.409233	0.0024238	0.0488171	0.000370491
416	-0.409172	0.00241875	0.0488158	0.000369603
417	-0.409115	0.00241363	0.0488002	0.000369049
418	-0.409124	0.00240787	0.0487983	0.00036817
419	-0.409148	0.00240224	0.0487776	0.000367873
420	-0.409139	0.00239654	0.0487829	0.000367035
421	-0.40914	0.00239085	0.0487845	0.000366166
422	-0.409336	0.00239321	0.048741	0.000367866
423	-0.409533	0.00239564	0.0487073	0.000368536
424	-0.409769	0.00240158	0.0486684	0.000369715
425	-0.409794	0.00239606	0.0486705	0.000368852
426	-0.409906	0.00239302	0.0486625	0.000368073
427	-0.410094	0.00239479	0.0486469	0.000367542
428	-0.410339	0.00240179	0.0486292	0.000367107
429	-0.410407	0.00239715	0.0486257	0.000366269
430	-0.410486	0.00239286	0.0486357	0.000365555
431	-0.410473	0.00238734	0.0486475	0.000364898
432	-0.41044	0.00238204	0.0486395	0.000364142
433	-0.410385	0.00237719	0.0486784	0.000365373
434	-0.410318	0.00237265	0.0486759	0.00036454
435	-0.41028	0.0023675	0.0486849	0.000363812
436	-0.410339	0.00236281	0.0486998	0.000363284
437	-0.410289	0.00235793	0.0486945	0.000362492
438	-0.410346	0.00235323	0.0487119	0.000362082
439	-0.410293	0.00234846	0.0487174	0.0003613
440	-0.410395	0.00234533	0.0487147	0.000360489
441	-0.410433	0.00234032	0.0486911	0.00036044
442	-0.410512	0.00233638	0.0486713	0.00036017
443	-0.410606	0.00233298	0.0486689	0.000359365
444	-0.41066	0.00232835	0.0486886	0.000359094
445	-0.410754	0.00232503	0.0486897	0.000358289
446	-0.410856	0.00232207	0.0487067	0.000357884
447	-0.410908	0.00231744	0.0487235	0.000357482
448	-0.411069	0.00231788	0.0487236	0.000356684
449	-0.411116	0.00231318	0.0487171	0.00035595
450	-0.411054	0.00230886	0.0487208	0.000355179
451	-0.411123	0.00230477	0.0487047	0.000354758
452	-0.411133	0.0022997	0.0486817	0.000354716
453	-0.411145	0.00229465	0.0486639	0.000354383
454	-0.411062	0.00229109	0.0486705	0.000353664
455	-0.411047	0.0022861	0.0486945	0.000353701
456	-0.411181	0.00228502	0.0486898	0.000352956
457	-0.411154	0.00228018	0.0487169	0.000353223
458	-0.411197	0.00227562	0.0487166	0.000352452
459	-0.411262	0.00227156	0.0487104	0.000351739
460	-0.411144	0.00226966	0.0486989	0.000351159
461	-0.411141	0.00226474	0.0486885	0.000350554
462	-0.411075	0.00226081	0.0486841	0.000349822
463	-0.411023	0.00225652	0.0486874	0.000349081
464	-0.410955	0.00225268	0.0487014	0.000348611
465	-0.410926	0.00224802	0.0486984	0.000347874
466	-0.410938	0.00224323	0.0486951	0.000347144
467	-0.411032	0.0022404	0.0486935	0.000346404
468	-0.411202	0.00224205	0.0486688	0.000346547
469	-0.411354	0.0022424	0.0486412	0.000346905
470	-0.411334	0.00223771	0.0486175	0.000346973
471	-0.411291	0.00223339	0.048609	0.000346341
472	-0.411115	0.00223557	0.048629	0.000346183
473	-0.411008	0.00223339	0.0486412	0.000345669
474	-0.410843	0.00223476	0.0486375	0.000344959
475	-0.410805	0.00223039	0.0486264	0.000344412
476	-0.410827	0.00222582	0.0486089	0.000344135
477	-0.410933	0.00222365	0.0486196	0.000343581
478	-0.410931	0.002219	0.0485968	0.00034362
479	-0.410951	0.00221446	0.0485873	0.000343034
480	-0.410873	0.00221123	0.0485869	0.000342319
481	-0.410836	0.00220695	0.0485735	0.00034187
482	-0.410905	0.00220346	0.0485588	0.000341478
483	-0.410968	0.00219979	0.0485493	0.000340902
484	-0.411034	0.00219624	0.0485367	0.00034043
485	-0.411223	0.00219985	0.0485103	0.000340749
486	-0.411331	0.00219797	0.0484929	0.000340492
487	-0.411384	0.0021941	0.0484816	0.000339982
488	-0.411452	0.00219066	0.0484733	0.000339387
489	-0.411432	0.00218627	0.0484472	0.000339694
490	-0.411484	0.00218242	0.0484491	0.000339006
491	-0.411513	0.00217817	0.0484374	0.000338517
492	-0.411475	0.00217407	0.0484546	0.000338266
493	-0.411416	0.00217046	0.0484696	0.000337913
494	-0.41139	0.00216622	0.0484609	0.00033734
495	-0.41135	0.00216222	0.0484861	0.000337595
496	-0.41122	0.00216177	0.0484811	0.000336952
497	-0.411158	0.0021583	0.0484928	0.000336479
498	-0.411045	0.00215694	0.0485154	0.000336559
499	-0.411103	0.00215341	0.0485159	0.000335885
500	-0.411119	0.00214916	0.0485439	0.000336374
501	-0.411112	0.00214488	0.048559	0.000336042
502	-0.411099	0.00214065	0.0485613	0.00033538
503	-0.41097	0.00214027	0.0485457	0.000335076
504	-0.410934	0.00213633	0.048526	0.000334989
505	-0.410912	0.00213221	0.0485332	0.000334404
506	-0.410875	0.00212832	0.0485162	0.000334175
507	-0.410801	0.0021254	0.0485073	0.000333635
508	-0.410863	0.00212213	0.0485095	0.000332986
509	-0.410967	0.00212048	0.0485253	0.000332707
510	-0.410927	0.00211669	0.0485391	0.00033234
511	-0.41101	0.00211416	0.0485385	0.000331691
512	-0.411024	0.00211008	0.0485366	0.000331048
513	-0.411117	0.00210799	0.0485167	0.000331001
514	-0.411167	0.00210448	0.0485016	0.000330702
515	-0.411216	0.00210098	0.0484825	0.000330608
516	-0.411267	0.00209753	0.0484657	0.000330395
517	-0.411281	0.00209352	0.0484612	0.000329786
518	-0.411435	0.00209515	0.0484567	0.000329181
519	-0.411476	0.00209151	0.0484432	0.000328823
520	-0.411657	0.00209533	0.0484278	0.000328549
521	-0.411879	0.00210298	0.0484483	0.000328558
522	-0.412002	0.00210254	0.0484411	0.000328008
523	-0.411935	0.00209956	0.0484488	0.000327472
524	-0.411913	0.00209567	0.0484439	0.000326883
525	-0.411829	0.00209334	0.0484549	0.000326446
526	-0.411815	0.00208941	0.0484679	0.000326083
527	-0.411819	0.00208545	0.0484763	0.000325573
528	-0.411724	0.00208366	0.0485111	0.000326804
529	-0.411683	0.00208012	0.0485292	0.000326688
530	-0.411772	0.00207807	0.0485228	0.000326134
531	-0.411804	0.00207441	0.0485131	0.000325666
532	-0.411899	0.00207267	0.0485061	0.000325129
533	-0.411778	0.0020723	0.0485082	0.000324525
534	-0.411725	0.00206909	0.0485071	0.000323919
535	-0.411774	0.00206579	0.0485202	0.000323578
536	-0.411743	0.00206217	0.0485483	0.000324191
537	-0.411852	0.00206122	0.0485584	0.000323744
538	-0.411994	0.0020623	0.0485628	0.000323172
539	-0.412015	0.00205857	0.0485498	0.000322833
540	-0.412084	0.00205592	0.0485323	0.00032271
541	-0.412113	0.00205232	0.0485241	0.000322217
542	-0.412311	0.00205808	0.0485223	0.000321628
543	-0.412369	0.0020551	0.0485153	0.000321111
544	-0.412407	0.00205168	0.0485199	0.000320554
545	-0.412447	0.0020483	0.0485122	0.000320061
546	-0.412377	0.00204572	0.0485069	0.000319518
547	-0.412372	0.00204199	0.0485146	0.000319028
548	-0.41236	0.0020383	0.0485345	0.000319066
549	-0.412367	0.0020346	0.048554	0.000319075
550	-0.412366	0.0020309	0.0485592	0.000318539
551	-0.412327	0.00202757	0.0485535	0.000318011
552	-0.412371	0.00202435	0.0485459	0.000317528
553	-0.412415	0.00202118	0.0485455	0.000316954
554	-0.412567	0.00202325	0.0485331	0.000316624
555	-0.412594	0.00201978	0.0485577	0.000317008
556	-0.412656	0.00201711	0.0485754	0.000316934
557	-0.412768	0.00201661	0.0485849	0.000316507
558	-0.41274	0.0020132	0.0485761	0.000316062
559	-0.412634	0.00201239	0.0485741	0.000315503
560	-0.412545	0.00201074	0.0485607	0.000315225
561	-0.412439	0.00200995	0.0485436	0.000315127
562	-0.412456	0.00200645	0.0485493	0.000314618
563	-0.412491	0.00200319	0.0485525	0.000314075
564	-0.412558	0.00200074	0.0485587	0.00031358
565	-0.412528	0.00199742	0.0485554	0.000313042
566	-0.412452	0.00199532	0.0485562	0.00031249
567	-0.412406	0.00199234	0.048552	0.000311967
568	-0.412386	0.00198894	0.0485628	0.000311607
569	-0.412417	0.00198569	0.0485525	0.000311231
570	-0.412434	0.00198228	0.048567	0.000311024
571	-0.412559	0.00198273	0.0486005	0.000312276
572	-0.412669	0.00198232	0.0485873	0.00031201
573	-0.412729	0.00197978	0.0485803	0.000311544
574	-0.412691	0.00197669	0.0486114	0.000312549
575	-0.412635	0.00197406	0.0486611	0.000315929
576	-0.412654	0.00197072	0.0486696	0.000315495
577	-0.412684	0.00196753	0.0486778	0.000315056
578	-0.412704	0.00196423	0.0486946	0.000314956
579	-0.412661	0.00196131	0.0487234	0.000315728
580	-0.412545	0.00196134	0.0487718	0.000318877
581	-0.412544	0.00195796	0.0488206	0.000322033
582	-0.412517	0.00195478	0.0488357	0.000321833
583	-0.412459	0.00195228	0.0488339	0.000321287
584	-0.412423	0.00194928	0.0488428	0.00032086
585	-0.412489	0.00194706	0.048828	0.000320653
586	-0.412482	0.00194375	0.0488569	0.000321404
587	-0.412365	0.00194396	0.0488682	0.000321057
588	-0.412368	0.00194065	0.0488777	0.00032065
589	-0.412352	0.00193743	0.0488728	0.000320142
590	-0.412394	0.00193461	0.0488564	0.000320019
591	-0.412414	0.00193143	0.0488362	0.000320111
592	-0.412433	0.00192826	0.048834	0.000319579
593	-0.412562	0.00192933	0.0488165	0.000319519
594	-0.412543	0.00192617	0.0488249	0.000319094
595	-0.412574	0.00192317	0.0488337	0.000318678
596	-0.412479	0.00192225	0.048839	0.000318187
597	-0.412463	0.0019191	0.0488339	0.000317695
598	-0.412485	0.00191601	0.0488232	0.000317344
599	-0.41249	0.00191282	0.0488128	0.000316985
600	-0.412478	0.00190967	0.0487999	0.000316719
601	-0.412414	0.00190756	0.0487949	0.000316232
602	-0.412359	0.00190519	0.0487778	0.000316166
603	-0.412317	0.00190248	0.0487571	0.000316321
604	-0.412307	0.00189936	0.0487493	0.000315892
605	-0.412308	0.00189622	0.048735	0.000315694
606	-0.412391	0.00189491	0.0487328	0.000315181
607	-0.412416	0.00189195	0.0487334	0.000314663
608	-0.412589	0.00189668	0.0487145	0.00031471
609	-0.412757	0.001901	0.0487088	0.000314246
610	-0.412892	0.00190269	0.0486891	0.00031435
611	-0.413102	0.00191118	0.0486796	0.000313978
612	-0.41317	0.00190924	0.048693	0.000313752
613	-0.413109	0.00190711	0.0486981	0.000313282
614	-0.413033	0.00190549	0.0487049	0.000312844
615	-0.413024	0.00190242	0.0487084	0.000312355
616	-0.413142	0.00190297	0.0487205	0.000312084
617	-0.413305	0.00190682	0.048717	0.000311599
618	-0.413171	0.00190844	0.0487509	0.000312943
619	-0.413231	0.00190629	0.0487514	0.000312437
620	-0.413296	0.00190433	0.0487505	0.000311935
621	-0.413407	0.00190455	0.0487378	0.000311693
622	-0.413467	0.00190242	0.0487409	0.000311207
623	-0.413498	0.00189962	0.0487225	0.000311254
624	-0.413581	0.00189837	0.048704	0.000311303
625	-0.413545	0.00189567	0.0486943	0.000310956
626	-0.413579	0.00189295	0.0486837	0.000310639
627	-0.413604	0.00189009	0.0486887	0.000310184
628	-0.413552	0.00188778	0.0486891	0.00030969
629	-0.413478	0.00188623	0.0486759	0.000309482
630	-0.413351	0.00188749	0.0486704	0.00030904
631	-0.413226	0.00188866	0.0486685	0.000308556
632	-0.413212	0.00188572	0.0486493	0.000308662
633	-0.413215	0.00188274	0.0486648	0.000308562
634	-0.413174	0.00188023	0.0486866	0.000308844
635	-0.413106	0.0018785	0.0486982	0.000308573
636	-0.412927	0.00188405	0.0487158	0.000308592
637	-0.412926	0.00188109	0.0487158	0.000308107
638	-0.412988	0.00187916	0.0487115	0.000307655
639	-0.413046	0.00187711	0.0486939	0.000307676
640	-0.413018	0.00187438	0.0486893	0.00030723
641	-0.413006	0.00187149	0.0486956	0.000306814
642	-0.413005	0.00186858	0.0486966	0.000306338
643	-0.413017	0.00186571	0.048684	0.000306123
644	-0.412962	0.00186363	0.0486781	0.000305704
645	-0.41295	0.00186078	0.0486853	0.000305314
646	-0.41299	0.00185833	0.0486738	0.000305056
647	-0.413013	0.0018556	0.0486699	0.000304609
648	-0.41308	0.00185393	0.0486616	0.000304253
649	-0.413043	0.00185145	0.0486496	0.00030402
650	-0.413013	0.00184884	0.048651	0.000303555
651	-0.412996	0.00184608	0.048662	0.000303287
652	-0.412914	0.00184505	0.0486593	0.000302834
653	-0.412849	0.00184338	0.0486752	0.000302787
654	-0.412738	0.00184391	0.0487174	0.000305262
655	-0.412688	0.00184176	0.0487343	0.000305261
656	-0.41272	0.00183923	0.0487345	0.000304795
657	-0.412735	0.00183649	0.04874	0.000304382
658	-0.412766	0.00183396	0.0487556	0.000304319
659	-0.412791	0.00183135	0.0487604	0.000303894
660	-0.412707	0.00183051	0.0487507	0.000303589
661	-0.412636	0.00182912	0.0487328	0.000303658
662	-0.412551	0.00182832	0.0487359	0.000303215
663	-0.412487	0.00182671	0.0487614	0.000303829
664	-0.412486	0.00182396	0.0487695	0.00030348
665	-0.412546	0.00182219	0.0487794	0.000303187
666	-0.412631	0.00182142	0.0487724	0.000302815
667	-0.412731	0.00182143	0.0487694	0.000302376
668	-0.412747	0.00181877	0.0487573	0.000302163
669	-0.41275	0.00181606	0.0487559	0.000301715
670	-0.41276	0.00181338	0.0487467	0.000301407
671	-0.412772	0.00181071	0.0487319	0.000301319
672	-0.412806	0.00180834	0.0487128	0.000301478
673	-0.412772	0.00180597	0.0487025	0.000301205
674	-0.412721	0.00180403	0.0486957	0.000300834
675	-0.412703	0.00180144	0.0486916	0.000300417
676	-0.412651	0.00179951	0.0486896	0.000299979
677	-0.412612	0.0017973	0.0487017	0.000299781
678	-0.412589	0.00179478	0.0486826	0.000299947
679	-0.412544	0.0017927	0.0486718	0.000299699
680	-0.412556	0.0017901	0.0486583	0.000299564
681	-0.412573	0.00178755	0.0486471	0.000299333
682	-0.412578	0.00178494	0.0486383	0.000299022
683	-0.412507	0.00178373	0.0486501	0.000298816
684	-0.412582	0.00178266	0.0486472	0.000298392
685	-0.412581	0.00178006	0.048643	0.000297987
686	-0.412542	0.0017779	0.0486572	0.000297893
687	-0.412506	0.00177569	0.0486652	0.000297566
688	-0.412439	0.00177437	0.0486552	0.0002973
689	-0.412357	0.00177367	0.0486429	0.000297124
690	-0.412386	0.00177133	0.0486443	0.000296697
691	-0.412334	0.00176953	0.0486609	0.000296728
692	-0.412176	0.00177403	0.0486917	0.000297899
693	-0.412142	0.00177179	0.0486975	0.000297525
694	-0.412069	0.00177074	0.048711	0.000297402
695	-0.41205	0.00176829	0.0487174	0.000297043
696	-0.412074	0.00176591	0.0487082	0.000296759
697	-0.412086	0.00176342	0.0487006	0.000296431
698	-0.412103	0.00176097	0.0487016	0.000296008
699	-0.41215	0.00175909	0.0486922	0.000295733
700	-0.412148	0.00175658	0.0486856	0.000295386
701	-0.412085	0.00175518	0.0486846	0.000294966
702	-0.411905	0.00176193	0.0486825	0.000294553
703	-0.41183	0.00176101	0.0486828	0.000294134
704	-0.41174	0.00176081	0.0487018	0.000294328
705	-0.411695	0.00175887	0.0487096	0.000294014
706	-0.411735	0.00175683	0.0487118	0.000293606
707	-0.411857	0.00175855	0.0487137	0.000293197
708	-0.411976	0.0017601	0.0486967	0.000293273
709	-0.412065	0.00175989	0.0486783	0.000293436
710	-0.412015	0.00175813	0.0486827	0.000293056
711	-0.412026	0.00175569	0.0486861	0.000292662
712	-0.412037	0.00175326	0.048681	0.000292295
713	-0.412163	0.0017553	0.0486686	0.000292146
714	-0.412255	0.00175527	0.0486586	0.000291909
715	-0.412332	0.00175448	0.0486419	0.000291975
716	-0.412557	0.00176642	0.0486331	0.0002917
717	-0.412743	0.00177375	0.0486223	0.000291494
718	-0.412879	0.00177651	0.0486157	0.000291162
719	-0.412941	0.00177509	0.0486316	0.000291189
720	-0.413007	0.00177386	0.0486493	0.000291323
721	-0.413079	0.00177289	0.0486561	0.000290998
722	-0.413144	0.00177159	0.0486469	0.000290739
723	-0.413195	0.0017699	0.0486306	0.000290792
724	-0.413232	0.00176784	0.0486209	0.000290552
725	-0.413212	0.00176551	0.0486084	0.000290421
726	-0.413144	0.00176438	0.0486117	0.00029004
727	-0.413066	0.00176367	0.0486072	0.000289677
728	-0.412967	0.00176405	0.0485968	0.000289468
729	-0.412843	0.00176599	0.0485915	0.000289119
730	-0.412772	0.00176499	0.04859	0.000288726
731	-0.412813	0.00176304	0.0485983	0.00028845
732	-0.412938	0.00176507	0.0485844	0.00028839
733	-0.413012	0.0017642	0.048584	0.000287997
734	-0.413134	0.00176605	0.0485701	0.00028794
735	-0.413221	0.00176577	0.0485704	0.000287548
736	-0.413293	0.00176486	0.0485724	0.000287164
737	-0.413422	0.00176712	0.048586	0.000287097
738	-0.413378	0.00176527	0.0485827	0.000286727
739	-0.413342	0.00176325	0.0485881	0.000286389
740	-0.413393	0.00176161	0.0485801	0.000286113
741	-0.413361	0.00175952	0.0485789	0.00028573
742	-0.413347	0.0017572	0.0485936	0.000285723
743	-0.41337	0.00175498	0.0486073	0.000285665
744	-0.413357	0.00175267	0.0486063	0.000285282
745	-0.413299	0.00175128	0.048598	0.000285023
746	-0.413292	0.00174894	0.0485916	0.000284712
747	-0.413315	0.00174676	0.0485935	0.000284337
748	-0.413365	0.00174512	0.0485905	0.000283972
749	-0.413321	0.00174334	0.0485994	0.000283731
750	-0.413396	0.00174264	0.0485852	0.000283706
751	-0.413456	0.00174134	0.04857	0.000283736
752	-0.413476	0.00173914	0.0485758	0.000283418
753	-0.413457	0.00173694	0.0485752	0.000283042
754	-0.413547	0.00173697	0.0485711	0.000282697
755	-0.413688	0.00174036	0.0485557	0.000282739
756	-0.413745	0.00173899	0.0485432	0.000282642
757	-0.413763	0.00173679	0.0485368	0.00028234
758	-0.413796	0.00173482	0.048539	0.000281976
759	-0.413746	0.00173325	0.0485382	0.000281606
760	-0.41375	0.00173097	0.0485466	0.00028136
761	-0.413735	0.00172876	0.0485458	0.000280992
762	-0.413628	0.00172983	0.048545	0.000280624
763	-0.413528	0.00173041	0.0485592	0.000280616
764	-0.413398	0.00173303	0.0485537	0.000280302
765	-0.413263	0.00173603	0.0485512	0.000279947
766	-0.413153	0.00173724	0.0485354	0.000280025
767	-0.413129	0.00173514	0.0485377	0.000279669
768	-0.413101	0.0017331	0.0485392	0.000279309
769	-0.413118	0.00173093	0.0485231	0.000279411
770	-0.413071	0.00172933	0.0485279	0.000279089
771	-0.413021	0.0017278	0.0485386	0.000278933
772	-0.412971	0.0017263	0.0485329	0.00027863
773	-0.412972	0.00172407	0.0485421	0.000278423
774	-0.413032	0.00172289	0.0485273	0.000278458
775	-0.413046	0.00172072	0.0485257	0.000278103
776	-0.413013	0.00171882	0.0485151	0.000277948
777	-0.41299	0.00171676	0.0485028	0.000277861
778	-0.412964	0.00171475	0.0485048	0.000277511
779	-0.412975	0.00171258	0.0485035	0.000277158
780	-0.413004	0.00171063	0.0485054	0.000276808
781	-0.413041	0.00170885	0.048517	0.000276697
782	-0.413088	0.00170731	0.0485207	0.000276369
783	-0.413108	0.00170525	0.0485319	0.000276244
784	-0.413008	0.00170602	0.0485321	0.000275891
785	-0.412909	0.00170671	0.0485355	0.00027556
786	-0.412888	0.00170467	0.0485347	0.000275211
787	-0.412901	0.00170255	0.0485346	0.000274861
788	-0.412948	0.00170104	0.0485386	0.000274542
789	-0.412985	0.0016993	0.0485369	0.0002742
790	-0.412993	0.00169716	0.0485579	0.000274656
791	-0.412961	0.00169532	0.0485887	0.000276038
792	-0.412919	0.00169369	0.048607	0.00027629
793	-0.412981	0.00169269	0.0485966	0.000276136
794	-0.413019	0.00169097	0.0486021	0.000275842
795	-0.412979	0.00168931	0.0485938	0.000275619
796	-0.413027	0.00168789	0.048591	0.000275287
797	-0.412999	0.00168602	0.0485814	0.000275108
798	-0.412957	0.00168443	0.048591	0.000274932
799	-0.412913	0.00168289	0.0485865	0.000274624
800	-0.412919	0.0016808	0.04858	0.000274358
801	-0.412907	0.00167875	0.0485802	0.000274016
802	-0.412835	0.00167817	0.0485881	0.000273788
803	-0.412806	0.00167634	0.0485883	0.000273447
804	-0.412792	0.00167432	0.0485933	0.000273154
805	-0.412721	0.00167371	0.0485937	0.000272815
806	-0.412699	0.00167179	0.0485972	0.000272498
807	-0.412716	0.0016698	0.0486058	0.000272297
808	-0.412627	0.00167012	0.0486189	0.000272275
809	-0.41257	0.00166901	0.0486191	0.000271939
810	-0.412532	0.00166738	0.0486149	0.000271636
811	-0.412536	0.00166533	0.0486347	0.000272021
812	-0.412665	0.0016683	0.0486464	0.000271941
813	-0.412697	0.00166655	0.0486635	0.000272143
814	-0.412777	0.00166645	0.0486724	0.000271953
815	-0.41277	0.00166442	0.0486602	0.000271895
816	-0.412677	0.001665	0.0486665	0.000271636
817	-0.412646	0.00166324	0.0486579	0.00027144
818	-0.412634	0.00166125	0.0486554	0.000271119
819	-0.412573	0.00166033	0.0486702	0.000271188
820	-0.412563	0.00165834	0.0486712	0.00027086
821	-0.412565	0.00165632	0.0486644	0.000270616
822	-0.412637	0.00165588	0.0486622	0.000270296
823	-0.412644	0.00165388	0.0486547	0.000270071
824	-0.412684	0.00165237	0.0486495	0.000269793
825	-0.41272	0.00165075	0.0486423	0.000269563
826	-0.412851	0.00165392	0.0486273	0.000269651
827	-0.412787	0.00165315	0.0486139	0.000269661
828	-0.412872	0.00165335	0.0485961	0.000269918
829	-0.412949	0.00165316	0.0485909	0.000269643
830	-0.413128	0.00166082	0.0485961	0.000269369
831	-0.4133	0.00166766	0.0486099	0.000269398
832	-0.413419	0.00166991	0.0486179	0.000269194
833	-0.413504	0.00167006	0.0486328	0.000269278
834	-0.413577	0.00166964	0.0486479	0.000269381
835	-0.413633	0.0016686	0.0486397	0.000269183
836	-0.413697	0.00166782	0.0486296	0.00026905
837	-0.413664	0.00166616	0.0486508	0.00026956
838	-0.413599	0.00166541	0.048654	0.000269257
839	-0.413584	0.00166349	0.0486493	0.000268977
840	-0.413628	0.00166209	0.0486549	0.000268716
841	-0.413716	0.00166246	0.0486693	0.000268781
842	-0.413806	0.00166288	0.0486732	0.000268491
843	-0.413845	0.00166138	0.0486796	0.00026825
844	-0.413871	0.00165961	0.0486684	0.000268165
845	-0.41393	0.00165869	0.048655	0.000268186
846	-0.414029	0.00165967	0.0486469	0.00026799
847	-0.41399	0.00165815	0.048644	0.00026769
848	-0.413936	0.00165707	0.0486473	0.000267395
849	-0.413855	0.00165709	0.0486378	0.000267248
850	-0.41381	0.00165576	0.0486352	0.000266946
851	-0.41377	0.00165431	0.0486378	0.000266644
852	-0.413749	0.00165249	0.048634	0.000266358
853	-0.413721	0.0016508	0.0486257	0.000266174
854	-0.413601	0.00165318	0.0486311	0.000265916
855	-0.413523	0.00165308	0.0486238	0.000265703
856	-0.413507	0.00165124	0.0486185	0.000265447
857	-0.413513	0.00164932	0.0486187	0.000265137
858	-0.413515	0.0016474	0.0486068	0.000265099
859	-0.413504	0.00164552	0.048594	0.000265097
860	-0.413517	0.00164365	0.04859	0.00026482
861	-0.413436	0.00164374	0.0485876	0.000264522
862	-0.413425	0.00164187	0.0485854	0.000264225
863	-0.413388	0.00164038	0.048585	0.000263919
864	-0.413395	0.0016385	0.0486055	0.000264413
865	-0.413357	0.00163705	0.0486175	0.000264377
866	-0.413233	0.00163982	0.0486269	0.000264241
867	-0.413173	0.00163906	0.0486158	0.00026417
868	-0.413205	0.00163749	0.048607	0.000264012
869	-0.41322	0.00163567	0.0486048	0.000263718
870	-0.41316	0.00163488	0.0486017	0.000263433
871	-0.413179	0.00163311	0.0485919	0.000263313
872	-0.41318	0.00163124	0.0485874	0.00026305
873	-0.41311	0.0016309	0.0485853	0.000262756
874	-0.413111	0.00162904	0.0485977	0.000262744
875	-0.41316	0.00162791	0.0485972	0.000262445
876	-0.41313	0.00162631	0.0485851	0.000262421
877	-0.413104	0.00162466	0.0485816	0.000262146
878	-0.413104	0.00162281	0.0485929	0.000262091
879	-0.413122	0.00162107	0.0485884	0.000261831
880	-0.413103	0.00161934	0.0485789	0.000261707
881	-0.413124	0.00161763	0.0485677	0.000261647
882	-0.413067	0.00161681	0.0485686	0.000261352
883	-0.413048	0.00161509	0.0485648	0.000261084
884	-0.413043	0.00161327	0.0485575	0.00026089
885	-0.413041	0.00161145	0.0485491	0.00026073
886	-0.412966	0.00161135	0.0485432	0.000260503
887	-0.412968	0.00160954	0.0485485	0.000260265
888	-0.412963	0.00160774	0.0485552	0.000260057
889	-0.412963	0.00160593	0.0485702	0.000260198
890	-0.412905	0.00160516	0.0485807	0.000260117
891	-0.412928	0.00160353	0.048583	0.000259835
892	-0.412945	0.00160182	0.0485814	0.000259549
893	-0.412867	0.00160194	0.0485914	0.000259451
894	-0.412819	0.00160087	0.0486039	0.000259458
895	-0.412796	0.00159925	0.0486096	0.000259232
896	-0.412839	0.00159805	0.0486146	0.00025899
897	-0.412865	0.00159649	0.0486121	0.000258714
898	-0.41284	0.00159492	0.0486143	0.000258435
899	-0.412843	0.00159315	0.0486251	0.000258372
900	-0.412924	0.00159348	0.0486307	0.000258147
901	-0.412978	0.0015926	0.0486243	0.00025794
902	-0.412994	0.00159092	0.0486263	0.000257662
903	-0.412991	0.00158916	0.0486269	0.000257377
904	-0.412946	0.00158804	0.0486242	0.000257107
905	-0.412918	0.00158654	0.0486233	0.000256824
906	-0.41291	0.00158481	0.048634	0.000256761
907	-0.412897	0.00158312	0.0486285	0.000256535
908	-0.412864	0.00158171	0.0486258	0.000256267
909	-0.412785	0.00158196	0.0486455	0.000256741
910	-0.412804	0.00158034	0.0486475	0.000256467
911	-0.412816	0.00157865	0.0486529	0.000256241
912	-0.412783	0.00157725	0.0486499	0.000255977
913	-0.412807	0.0015757	0.0486458	0.000255731
914	-0.412817	0.00157401	0.0486413	0.000255491
915	-0.412774	0.00157288	0.0486466	0.000255267
916	-0.412702	0.0015728	0.0486411	0.000255048
917	-0.412663	0.00157158	0.0486299	0.000255013
918	-0.412547	0.00157413	0.0486395	0.000254916
919	-0.412445	0.00157574	0.0486563	0.000255191
920	-0.412282	0.00158241	0.0486705	0.000255307
921	-0.412259	0.00158086	0.0486687	0.000255036
922	-0.412265	0.00157916	0.0486555	0.000255103
923	-0.412233	0.00157778	0.0486503	0.000254878
924	-0.412229	0.00157608	0.0486568	0.000254685
925	-0.412178	0.0015752	0.0486769	0.000255198
926	-0.412187	0.00157353	0.0486781	0.000254925
927	-0.412176	0.00157188	0.0486693	0.0002548
928	-0.412125	0.00157101	0.0486874	0.000255167
929	-0.412121	0.00156933	0.0486872	0.000254893
930	-0.412108	0.0015677	0.0486913	0.000254653
931	-0.412111	0.00156602	0.0487008	0.000254555
932	-0.412126	0.00156441	0.0486982	0.000254296
933	-0.412175	0.00156351	0.0486935	0.000254066
934	-0.412173	0.00156183	0.0486844	0.000253959
935	-0.412149	0.00156034	0.0486796	0.000253732
936	-0.412182	0.00155903	0.0486847	0.000253512
937	-0.412223	0.00155789	0.0486932	0.000253383
938	-0.412218	0.00155624	0.0486913	0.00025312
939	-0.41227	0.00155543	0.0486814	0.000253043
940	-0.412284	0.00155384	0.0486794	0.000252782
941	-0.412319	0.00155257	0.0486703	0.000252679
942	-0.41234	0.00155107	0.0486789	0.000252558
943	-0.412438	0.00155255	0.048674	0.000252338
944	-0.412483	0.00155155	0.0486891	0.000252524
945	-0.412488	0.00154992	0.0486914	0.000252267
946	-0.412428	0.00154946	0.0486862	0.000252055
947	-0.412309	0.00155234	0.0486867	0.000251789
948	-0.412272	0.00155116	0.048699	0.000251826
949	-0.412274	0.00154952	0.048691	0.000251686
950	-0.412215	0.00154905	0.0486929	0.000251428
951	-0.412163	0.00154827	0.0486863	0.00025125
952	-0.412099	0.00154799	0.0486889	0.000250999
953	-0.412074	0.00154656	0.0486775	0.000250997
954	-0.412007	0.0015464	0.0486817	0.000250768
955	-0.411996	0.00154482	0.0486744	0.000250611
956	-0.411952	0.00154384	0.0486638	0.000250573
957	-0.411868	0.00154447	0.0486708	0.00025041
958	-0.411866	0.00154286	0.0486634	0.000250257
959	-0.411846	0.00154138	0.0486611	0.000250007
960	-0.411867	0.00153992	0.0486542	0.000249842
961	-0.411853	0.00153838	0.0486439	0.000249793
962	-0.411759	0.00153968	0.0486429	0.000249535
963	-0.411739	0.0015382	0.0486341	0.00024943
964	-0.411716	0.00153679	0.048627	0.000249274
965	-0.4117	0.00153527	0.0486214	0.000249079
966	-0.411661	0.00153418	0.0486243	0.000248839
967	-0.411622	0.00153311	0.0486242	0.000248582
968	-0.4116	0.00153168	0.0486314	0.000248429
969	-0.411535	0.00153147	0.0486401	0.000248327
970	-0.41146	0.00153171	0.0486544	0.000248479
971	-0.411375	0.00153253	0.0486819	0.000249748
972	-0.411332	0.00153154	0.0486919	0.000249689
973	-0.411312	0.0015301	0.0486942	0.000249443
974	-0.411317	0.00152854	0.0486997	0.000249247
975	-0.41134	0.00152714	0.0487038	0.000249026
976	-0.411337	0.00152558	0.0487	0.0002488
977	-0.411302	0.00152442	0.0487065	0.00024863
978	-0.411257	0.00152354	0.0487037	0.000248392
979	-0.411135	0.00152681	0.0486986	0.00024819
980	-0.411138	0.00152526	0.0486967	0.000247944
981	-0.411136	0.0015237	0.0486982	0.000247695
982	-0.411228	0.0015249	0.0486982	0.000247443
983	-0.411306	0.00152536	0.0487016	0.000247216
984	-0.411327	0.00152396	0.0487028	0.000246967
985	-0.411265	0.0015237	0.0487024	0.000246717
986	-0.411186	0.00152417	0.0487041	0.000246473
987	-0.411129	0.00152368	0.048728	0.000247376
988	-0.41106	0.00152374	0.0487509	0.000248179
989	-0.410962	0.00152532	0.0487454	0.00024799
990	-0.410887	0.0015256	0.0487515	0.000247816
991	-0.410857	0.00152437	0.0487467	0.000247613
992	-0.41081	0.00152356	0.0487461	0.000247364
993	-0.410719	0.0015247	0.0487497	0.000247142
994	-0.410648	0.00152484	0.0487611	0.000247154
995	-0.410618	0.0015236	0.0487643	0.000246927
996	-0.410545	0.0015238	0.0487569	0.000246792
997	-0.410543	0.00152228	0.048754	0.00024656
998	-0.410561	0.00152085	0.0487456	0.000246457
999	-0.410516	0.00151998	0.04875	0.00024625
1000	-0.410494	0.00151863	0.0487584	0.000246147
1001	-0.410521	0.00151737	0.048752	0.000245982
1002	-0.410516	0.00151586	0.0487429	0.000245905
1003	-0.410519	0.00151435	0.0487465	0.000245685
1004	-0.410504	0.00151292	0.0487481	0.000245446
1005	-0.410464	0.00151193	0.04875	0.000245209
1006	-0.410452	0.00151048	0.048745	0.000245015
1007	-0.410458	0.00150899	0.0487344	0.000245
1008	-0.410469	0.00150753	0.048731	0.000244781
1009	-0.410517	0.00150682	0.0487262	0.000244585
1010	-0.410609	0.0015081	0.0487282	0.000244352
1011	-0.410649	0.00150715	0.0487237	0.000244153
1012	-0.410606	0.00150629	0.0487175	0.000243989
1013	-0.410555	0.00150568	0.0487126	0.000243798
1014	-0.410581	0.00150442	0.0487039	0.000243713
1015	-0.410564	0.00150303	0.048713	0.000243643
1016	-0.410506	0.00150266	0.0487073	0.00024347
1017	-0.410482	0.00150138	0.0486974	0.000243431
1018	-0.410444	0.00150037	0.048691	0.000243277
1019	-0.410414	0.0014992	0.048689	0.000243046
1020	-0.410396	0.00149784	0.0486793	0.000243002
1021	-0.410339	0.00149745	0.0486733	0.000242839
1022	-0.410281	0.0014971	0.0486806	0.000242712
1023	-0.410226	0.00149664	0.048695	0.0002429
1024	-0.410159	0.0014967	0.0486957	0.000242664
1025	-0.410061	0.00149841	0.0487029	0.000242535
1026	-0.410044	0.00149705	0.0486987	0.000242335
1027	-0.410007	0.00149605	0.0487038	0.000242151
1028	-0.409945	0.00149589	0.0487077	0.000241947
1029	-0.409875	0.00149608	0.0487137	0.000241786
1030	-0.409834	0.00149517	0.04871	0.00024158
1031	-0.409863	0.001494	0.0487075	0.000241359
1032	-0.409786	0.00149453	0.0487039	0.000241152
1033	-0.409738	0.00149386	0.0486976	0.000241001
1034	-0.409765	0.00149267	0.0486907	0.000240865
1035	-0.409808	0.00149185	0.0486794	0.000240899
1036	-0.40987	0.00149168	0.0486722	0.000240774
1037	-0.409877	0.00149026	0.0486667	0.000240603
1038	-0.409873	0.00148883	0.0486638	0.00024039
1039	-0.409914	0.00148795	0.0486596	0.000240194
1040	-0.409967	0.00148746	0.0486549	0.000240011
1041	-0.410014	0.00148676	0.0486573	0.000239792
1042	-0.410073	0.00148651	0.0486607	0.000239587
1043	-0.410169	0.00148817	0.0486583	0.00023937
1044	-0.410251	0.001489	0.0486618	0.000239165
1045	-0.410247	0.00148758	0.0486621	0.000238937
1046	-0.410256	0.00148619	0.0486744	0.000239027
1047	-0.410259	0.00148478	0.04868	0.000238864
1048	-0.410198	0.0014846	0.0486885	0.000238789
1049	-0.410216	0.00148329	0.0486757	0.000238904
1050	-0.410198	0.00148198	0.0486661	0.000238871
1051	-0.410186	0.00148062	0.0486652	0.000238645
1052	-0.410192	0.00147922	0.0486585	0.000238514
1053	-0.410136	0.00147887	0.0486564	0.000238297
1054	-0.410092	0.00147813	0.0486495	0.000238168
1055	-0.410093	0.00147673	0.0486436	0.000238016
1056	-0.410174	0.00147751	0.0486516	0.000237923
1057	-0.410231	0.00147721	0.0486513	0.000237698
1058	-0.410238	0.00147583	0.0486491	0.000237483
1059	-0.410235	0.00147444	0.0486563	0.000237367
1060	-0.410241	0.00147306	0.0486498	0.000237231
1061	-0.410265	0.00147186	0.0486402	0.000237201
1062	-0.41027	0.00147049	0.0486335	0.000237072
1063	-0.410332	0.00147041	0.0486378	0.000236888
1064	-0.410342	0.00146907	0.0486368	0.000236668
1065	-0.41041	0.00146926	0.0486582	0.00023741
1066	-0.41043	0.00146801	0.0486616	0.000237212
1067	-0.410443	0.0014667	0.0486616	0.00023699
1068	-0.410469	0.00146555	0.0486725	0.00023702
1069	-0.410461	0.0014642	0.0486823	0.000237
1070	-0.410458	0.00146284	0.0486928	0.000237013
1071	-0.410418	0.00146203	0.0486924	0.000236792
1072	-0.410381	0.00146114	0.0486918	0.000236572
1073	-0.410388	0.0014598	0.0486914	0.000236352
1074	-0.410375	0.0014585	0.0487137	0.000237185
1075	-0.410258	0.00146183	0.0487377	0.000238179
1076	-0.410214	0.00146114	0.0487411	0.000237981
1077	-0.410226	0.00145983	0.0487451	0.000237793
1078	-0.410232	0.00145849	0.0487381	0.000237674
1079	-0.41027	0.00145763	0.0487287	0.00023764
1080	-0.410328	0.00145742	0.0487236	0.000237475
1081	-0.410368	0.00145662	0.0487207	0.000237273
1082	-0.410336	0.00145563	0.0487136	0.000237162
1083	-0.410334	0.00145428	0.0487074	0.000237022
1084	-0.410299	0.00145335	0.0487093	0.000236811
1085	-0.41031	0.00145206	0.0487128	0.000236618
1086	-0.410346	0.00145115	0.0487066	0.000236481
1087	-0.410344	0.00144982	0.0486995	0.000236369
1088	-0.410335	0.00144851	0.0486942	0.000236212
1089	-0.410372	0.00144765	0.0486901	0.00023603
1090	-0.410372	0.00144633	0.0486847	0.000235876
1091	-0.410388	0.00144509	0.0486833	0.000235663
1092	-0.410399	0.00144381	0.0486809	0.00023546
1093	-0.410393	0.0014425	0.0486878	0.000235345
1094	-0.410299	0.00144423	0.0487042	0.000235701
1095	-0.410232	0.00144446	0.0487179	0.000235886
1096	-0.410191	0.00144373	0.0487183	0.000235671
1097	-0.410178	0.00144247	0.048714	0.000235495
1098	-0.410231	0.00144212	0.048708	0.000235357
1099	-0.41022	0.00144085	0.0487138	0.000235214
1100	-0.410246	0.00143977	0.0487104	0.000235025
1101	-0.410314	0.00144008	0.0487056	0.000234861
1102	-0.410324	0.00143881	0.0487055	0.000234648
1103	-0.410259	0.00143897	0.0487064	0.000234437
1104	-0.410232	0.00143792	0.0487087	0.000234235
1105	-0.410158	0.00143855	0.0487265	0.000234697
1106	-0.410051	0.0014412	0.0487391	0.000234824
1107	-0.41005	0.0014399	0.0487366	0.000234625
1108	-0.410101	0.00143949	0.0487406	0.000234446
1109	-0.410116	0.00143827	0.0487384	0.000234245
1110	-0.410118	0.00143698	0.0487403	0.000234042
1111	-0.410074	0.00143637	0.0487411	0.000233833
1112	-0.410022	0.001436	0.0487437	0.000233637
1113	-0.410032	0.00143474	0.0487454	0.000233433
1114	-0.410039	0.00143348	0.0487561	0.00023347
1115	-0.409979	0.00143345	0.0487588	0.000233276
1116	-0.409948	0.00143249	0.0487598	0.000233069
1117	-0.409931	0.00143131	0.0487616	0.000232868
1118	-0.409866	0.00143152	0.0487561	0.000232725
1119	-0.409854	0.00143029	0.0487581	0.000232525
1120	-0.409918	0.00143044	0.048751	0.000232424
1121	-0.409894	0.00142935	0.0487457	0.000232278
1122	-0.409871	0.00142826	0.0487557	0.00023229
1123	-0.409908	0.00142746	0.0487532	0.000232097
1124	-0.409923	0.00142627	0.0487535	0.000231891
1125	-0.409949	0.00142524	0.0487532	0.000231685
1126	-0.409937	0.00142402	0.0487508	0.000231491
1127	-0.409895	0.00142339	0.0487533	0.000231299
1128	-0.409904	0.00142215	0.0487796	0.000232584
1129	-0.409875	0.00142118	0.048788	0.000232529
1130	-0.409873	0.00141992	0.0487952	0.000232435
1131	-0.409854	0.00141879	0.0487852	0.000232443
1132	-0.409828	0.00141778	0.048788	0.000232255
1133	-0.409828	0.00141653	0.0487839	0.000232087
1134	-0.409773	0.00141637	0.0487922	0.000232028
1135	-0.409726	0.00141587	0.0487992	0.000231929
1136	-0.409727	0.00141463	0.0487956	0.000231752
1137	-0.409767	0.00141396	0.0487876	0.000231686
1138	-0.409814	0.0014135	0.0487864	0.000231486
1139	-0.409851	0.00141274	0.0487826	0.000231315
1140	-0.409904	0.00141249	0.0487816	0.000231114
1141	-0.409847	0.00141238	0.048785	0.000230936
1142	-0.409823	0.00141135	0.0487867	0.00023074
1143	-0.409829	0.00141013	0.0487945	0.000230672
1144	-0.409798	0.00140924	0.0487922	0.000230481
1145	-0.409769	0.00140829	0.0487873	0.000230333
1146	-0.409757	0.00140711	0.0487958	0.000230289
1147	-0.409774	0.00140599	0.0487983	0.000230102
1148	-0.409711	0.00140617	0.0488019	0.00022993
1149	-0.409706	0.00140496	0.0487953	0.000229825
1150	-0.409677	0.00140404	0.0487955	0.000229625
1151	-0.409628	0.00140364	0.0487912	0.000229466
1152	-0.409552	0.00140449	0.0487941	0.000229286
1153	-0.409519	0.00140367	0.0487907	0.000229112
1154	-0.409518	0.00140245	0.0487856	0.000228971
1155	-0.409475	0.00140189	0.0487831	0.000228786
1156	-0.409461	0.00140074	0.0487865	0.000228614
1157	-0.409465	0.00139954	0.0487969	0.000228652
1158	-0.409398	0.00139994	0.0488245	0.000230117
1159	-0.409388	0.00139877	0.0488221	0.000229931
1160	-0.409365	0.00139775	0.0488183	0.000229764
1161	-0.40934	0.00139676	0.0488204	0.000229575
1162	-0.40933	0.0013956	0.0488101	0.000229606
1163	-0.409318	0.00139445	0.0488052	0.000229461
1164	-0.409286	0.00139363	0.0488127	0.000229386
1165	-0.409297	0.00139248	0.048827	0.000229633
1166	-0.409284	0.00139134	0.0488429	0.000229989
1167	-0.409271	0.00139022	0.0488376	0.000229853
1168	-0.409281	0.00138907	0.048847	0.00022985
1169	-0.409259	0.00138806	0.048849	0.000229662
1170	-0.409223	0.00138735	0.0488555	0.000229557
1171	-0.409244	0.00138633	0.0488597	0.000229399
1172	-0.409234	0.00138518	0.0488669	0.000229318
1173	-0.409265	0.00138435	0.0488749	0.00022926
1174	-0.409241	0.00138338	0.0488777	0.000229082
1175	-0.409185	0.00138337	0.0488807	0.000228907
1176	-0.409185	0.00138219	0.0488823	0.000228718
1177	-0.409249	0.00138248	0.0488931	0.000228777
1178	-0.409285	0.00138178	0.0488937	0.000228583
1179	-0.409277	0.00138063	0.0488977	0.000228424
1180	-0.409256	0.00137962	0.0489028	0.000228287
1181	-0.409226	0.00137878	0.0488968	0.000228172
1182	-0.409203	0.0013778	0.0488961	0.000227979
1183	-0.40922	0.00137674	0.0489011	0.00022784
1184	-0.409241	0.00137574	0.0488965	0.000227694
1185	-0.409292	0.00137553	0.0488945	0.00022751
1186	-0.4093	0.00137439	0.0488882	0.000227407
1187	-0.409288	0.00137329	0.0488793	0.000227389
1188	-0.409206	0.0013746	0.048878	0.000227202
1189	-0.40918	0.00137368	0.0488829	0.000227064
1190	-0.409158	0.0013727	0.0488841	0.000226876
1191	-0.409171	0.00137161	0.0488828	0.00022669
1192	-0.409174	0.00137046	0.048883	0.0002265
1193	-0.409194	0.00136946	0.0488769	0.000226394
1194	-0.409148	0.00136908	0.0488758	0.000226207
1195	-0.409142	0.00136795	0.0488764	0.000226018
1196	-0.409113	0.00136712	0.0488761	0.000225829
1197	-0.409053	0.00136729	0.0488772	0.000225643
1198	-0.40899	0.00136759	0.0488818	0.000225501
1199	-0.408937	0.00136751	0.0488803	0.000225318
1200	-0.408812	0.00137205	0.048899	0.000225904
1201	-0.408757	0.00137199	0.0489028	0.000225748
1202	-0.408752	0.00137086	0.0488904	0.000225898
1203	-0.408793	0.00137034	0.0488799	0.000225955
1204	-0.408901	0.00137348	0.0488658	0.00022621
1205	-0.408998	0.00137573	0.0488538	0.000226336
1206	-0.408988	0.00137463	0.0488428	0.000226416
1207	-0.409001	0.00137355	0.0488365	0.000226317
1208	-0.408995	0.00137242	0.0488439	0.000226251
1209	-0.409052	0.00137248	0.0488414	0.000226077
1210	-0.4091	0.00137218	0.0488457	0.00022593
1211	-0.409123	0.00137124	0.0488442	0.000225748
1212	-0.40911	0.00137017	0.0488445	0.000225562
1213	-0.409092	0.00136916	0.0488508	0.000225466
1214	-0.409066	0.00136828	0.048851	0.000225281
1215	-0.409047	0.00136728	0.0488528	0.000225102
1216	-0.409018	0.00136647	0.0488556	0.000224935
1217	-0.408966	0.00136631	0.0488626	0.000224857
1218	-0.408925	0.00136582	0.0488549	0.000224801
1219	-0.40894	0.00136478	0.0488479	0.000224727
1220	-0.408932	0.00136369	0.0488369	0.000224814
1221	-0.408882	0.00136348	0.0488371	0.00022463
1222	-0.408907	0.00136258	0.048831	0.000224531
1223	-0.408954	0.00136228	0.0488194	0.000224647
1224	-0.408976	0.00136135	0.048822	0.000224479
1225	-0.409007	0.00136059	0.0488208	0.000224298
1226	-0.409003	0.00135949	0.048821	0.000224116
1227	-0.408976	0.00135864	0.0488216	0.000223934
1228	-0.40891	0.00135917	0.0488273	0.000223825
1229	-0.40887	0.00135864	0.0488273	0.000223643
1230	-0.408867	0.00135754	0.0488332	0.000223539
1231	-0.408906	0.00135702	0.0488266	0.000223455
1232	-0.408928	0.00135609	0.0488182	0.000223432
1233	-0.408965	0.00135549	0.0488204	0.000223261
1234	-0.409019	0.0013555	0.048821	0.000223081
1235	-0.409027	0.00135442	0.0488173	0.000222931
1236	-0.409083	0.00135451	0.0488164	0.000222752
1237	-0.409136	0.00135443	0.0488242	0.000222707
1238	-0.409204	0.00135506	0.0488236	0.000222528
1239	-0.409181	0.00135417	0.0488302	0.000222444
1240	-0.409227	0.00135387	0.0488337	0.000222292
1241	-0.409278	0.00135375	0.048841	0.000222234
1242	-0.409259	0.00135279	0.0488448	0.000222088
1243	-0.409273	0.00135177	0.048848	0.000221932
1244	-0.409337	0.00135221	0.0488492	0.000221756
1245	-0.409356	0.00135126	0.0488471	0.000221588
1246	-0.409379	0.00135037	0.0488375	0.00022162
1247	-0.409356	0.00134947	0.0488367	0.000221443
1248	-0.40936	0.0013484	0.0488273	0.000221465
1249	-0.409331	0.00134763	0.0488242	0.000221309
1250	-0.409342	0.00134659	0.0488231	0.000221135
1251	-0.409331	0.00134557	0.0488201	0.000220979
1252	-0.409308	0.00134468	0.0488201	0.000220803
1253	-0.409297	0.00134365	0.0488225	0.000220639
1254	-0.409302	0.00134259	0.0488239	0.000220468
1255	-0.409287	0.0013416	0.0488249	0.000220295
1256	-0.409184	0.00134449	0.0488332	0.000220273
1257	-0.409158	0.00134367	0.0488356	0.000220111
1258	-0.409149	0.00134264	0.0488413	0.000220011
1259	-0.409121	0.00134187	0.0488601	0.000220642
1260	-0.409069	0.00134179	0.0488608	0.000220468
1261	-0.409096	0.00134101	0.0488569	0.000220328
1262	-0.409115	0.00134007	0.0488543	0.000220168
1263	-0.409131	0.00133911	0.0488663	0.000220322
1264	-0.409118	0.00133812	0.0488645	0.000220156
1265	-0.40912	0.00133706	0.0488641	0.000219982
1266	-0.409073	0.00133683	0.0488682	0.000219847
1267	-0.409021	0.00133677	0.048872	0.000219706
1268	-0.409026	0.00133572	0.0488712	0.000219535
1269	-0.409056	0.00133499	0.0488699	0.000219366
1270	-0.409103	0.00133478	0.0488704	0.000219194
1271	-0.409199	0.00133715	0.0488736	0.000219045
1272	-0.409239	0.0013367	0.0488733	0.000218873
1273	-0.409233	0.00133566	0.0488804	0.000218815
1274	-0.409248	0.00133469	0.0488759	0.00021869
1275	-0.409262	0.00133372	0.0488729	0.000218538
1276	-0.409249	0.00133273	0.0488817	0.000218544
1277	-0.409304	0.0013328	0.0488841	0.000218386
1278	-0.409362	0.00133304	0.0488853	0.000218218
1279	-0.40937	0.00133202	0.0488835	0.000218055
1280	-0.409359	0.00133103	0.0488813	0.000217896
1281	-0.409338	0.00133015	0.0488792	0.000217736
1282	-0.409409	0.00133103	0.048876	0.00021759
1283	-0.409459	0.00133093	0.0488705	0.00021749
1284	-0.409456	0.0013299	0.0488703	0.000217321
1285	-0.409449	0.00132888	0.0488756	0.000217216
1286	-0.409475	0.0013281	0.0488733	0.000217059
1287	-0.40947	0.00132708	0.0488679	0.000216959
1288	-0.40946	0.00132609	0.0488667	0.000216794
1289	-0.409426	0.0013255	0.0488617	0.000216682
1290	-0.409403	0.00132466	0.0488568	0.000216569
1291	-0.40939	0.0013237	0.0488514	0.000216469
1292	-0.409386	0.00132268	0.0488441	0.000216426
1293	-0.40942	0.0013221	0.0488439	0.000216258
1294	-0.409488	0.00132283	0.0488356	0.000216252
1295	-0.409447	0.00132246	0.0488354	0.000216085
1296	-0.409399	0.00132231	0.0488294	0.000216003
1297	-0.409438	0.00132189	0.0488266	0.000215854
1298	-0.409421	0.00132098	0.0488211	0.000215758
1299	-0.40942	0.00131996	0.0488323	0.000215882
1300	-0.409346	0.00132101	0.0488371	0.000215769
1301	-0.409282	0.00132156	0.0488381	0.000215606
1302	-0.409292	0.00132059	0.0488399	0.000215447
1303	-0.409286	0.00131959	0.0488379	0.00021529
1304	-0.409265	0.00131874	0.0488328	0.000215186
1305	-0.40933	0.00131932	0.0488246	0.00021518
1306	-0.409371	0.00131895	0.0488172	0.000215142
1307	-0.409415	0.00131868	0.0488136	0.000215007
1308	-0.409397	0.0013178	0.0488221	0.000215011
1309	-0.40938	0.0013169	0.0488232	0.000214849
1310	-0.409346	0.00131633	0.0488168	0.00021478
1311	-0.409316	0.00131567	0.0488203	0.000214644
1312	-0.409269	0.00131551	0.0488268	0.00021458
1313	-0.409243	0.00131475	0.0488358	0.000214605
1314	-0.409198	0.00131455	0.0488329	0.000214462
1315	-0.409188	0.00131358	0.0488454	0.000214664
1316	-0.409159	0.00131291	0.0488402	0.000214562
1317	-0.409106	0.00131298	0.0488432	0.00021442
1318	-0.409051	0.00131314	0.0488426	0.000214258
1319	-0.409054	0.00131215	0.048848	0.000214162
1320	-0.409	0.00131223	0.0488509	0.00021402
1321	-0.408966	0.00131169	0.0488457	0.000213923
1322	-0.40897	0.00131071	0.0488469	0.000213765
1323	-0.408992	0.00130991	0.0488482	0.000213607
1324	-0.409013	0.00130908	0.0488445	0.000213476
1325	-0.408991	0.00130827	0.0488461	0.000213321
1326	-0.408999	0.00130731	0.0488419	0.000213204
1327	-0.409022	0.00130653	0.0488356	0.000213134
1328	-0.409064	0.00130622	0.048835	0.000212975
1329	-0.409064	0.00130524	0.0488347	0.000212815
1330	-0.409032	0.00130464	0.0488318	0.000212674
1331	-0.408977	0.00130485	0.0488374	0.000212587
1332	-0.408953	0.00130409	0.0488463	0.000212615
1333	-0.408942	0.00130316	0.0488451	0.000212459
1334	-0.408913	0.00130252	0.0488451	0.0002123
1335	-0.408904	0.00130157	0.0488483	0.000212164
1336	-0.408873	0.00130097	0.0488521	0.00021204
1337	-0.40886	0.00130007	0.0488598	0.000212022
1338	-0.408848	0.00129915	0.0488661	0.000211954
1339	-0.408841	0.0012982	0.0488745	0.000211966
1340	-0.408835	0.00129724	0.0488719	0.000211824
1341	-0.408858	0.00129648	0.0488618	0.000211904
1342	-0.408876	0.00129565	0.0488553	0.000211849
1343	-0.408872	0.0012947	0.0488521	0.000211715
1344	-0.408876	0.00129374	0.048851	0.00021156
1345	-0.408836	0.0012934	0.0488567	0.00021148
1346	-0.408828	0.00129246	0.0488546	0.000211334
1347	-0.408792	0.00129202	0.0488591	0.000211223
1348	-0.40882	0.00129136	0.0488658	0.000211174
1349	-0.4088	0.00129054	0.0488695	0.00021105
1350	-0.408809	0.00128962	0.0488781	0.00021107
1351	-0.408828	0.00128881	0.0488827	0.000210962
1352	-0.408891	0.00128941	0.0488841	0.000210811
1353	-0.408975	0.00129118	0.0488859	0.000210662
1354	-0.409027	0.00129126	0.0488859	0.000210507
1355	-0.409145	0.00129573	0.0488943	0.000210518
1356	-0.409234	0.00129783	0.0488947	0.000210363
1357	-0.409229	0.00129688	0.0489025	0.000210353
1358	-0.409265	0.00129641	0.0488965	0.000210283
1359	-0.409299	0.00129592	0.0488891	0.00021026
1360	-0.409293	0.00129498	0.0488966	0.000210241
1361	-0.409264	0.00129436	0.0488962	0.000210087
1362	-0.409254	0.00129345	0.0488952	0.000209935
1363	-0.409243	0.00129255	0.0488919	0.000209807
1364	-0.409275	0.00129201	0.048881	0.00020994
1365	-0.409309	0.0012915	0.0488755	0.000209857
1366	-0.40937	0.00129201	0.0488769	0.000209709
1367	-0.40935	0.00129121	0.0488763	0.000209556
1368	-0.409286	0.00129186	0.0488804	0.000209442
1369	-0.40926	0.00129118	0.0488878	0.000209422
1370	-0.40925	0.00129027	0.0488941	0.000209363
1371	-0.409255	0.00128934	0.0488948	0.000209212
1372	-0.409265	0.00128844	0.048892	0.000209078
1373	-0.40932	0.0012887	0.0489008	0.000209112
1374	-0.409396	0.00128997	0.0488959	0.000209018
1375	-0.409374	0.00128921	0.048902	0.000208957
1376	-0.409424	0.00128922	0.0488963	0.000208885
1377	-0.409464	0.0012889	0.0488884	0.000208883
1378	-0.409483	0.00128811	0.0488842	0.000208772
1379	-0.40946	0.00128738	0.0488896	0.00020869
1380	-0.409487	0.00128673	0.0488827	0.000208654
1381	-0.409504	0.00128591	0.0488784	0.000208547
1382	-0.409508	0.00128499	0.048878	0.000208397
1383	-0.409512	0.00128407	0.0488748	0.000208272
1384	-0.4095	0.00128319	0.0488776	0.000208141
1385	-0.40947	0.00128262	0.0488765	0.000207993
1386	-0.409432	0.00128228	0.0488756	0.000207845
1387	-0.409443	0.0012814	0.0488696	0.000207783
1388	-0.409439	0.00128049	0.0488602	0.000207847
1389	-0.409453	0.00127965	0.0488508	0.000207907
1390	-0.409434	0.00127887	0.0488521	0.000207762
1391	-0.409435	0.00127795	0.0488524	0.000207613
1392	-0.409441	0.00127705	0.0488621	0.000207691
1393	-0.409444	0.00127613	0.0488683	0.000207633
1394	-0.409431	0.00127529	0.0488638	0.000207532
1395	-0.409407	0.0012746	0.0488629	0.000207385
1396	-0.40939	0.00127381	0.0488644	0.000207242
1397	-0.409402	0.00127295	0.0488621	0.000207106
1398	-0.409437	0.00127252	0.0488632	0.000206961
1399	-0.409465	0.00127192	0.0488608	0.000206827
1400	-0.409455	0.00127105	0.0488718	0.000206974
1401	-0.409451	0.00127014	0.0488727	0.000206829
1402	-0.40948	0.00126956	0.0488659	0.000206794
1403	-0.409486	0.00126867	0.0488718	0.000206732
1404	-0.409471	0.00126786	0.0488839	0.000206938
1405	-0.409443	0.00126727	0.0488816	0.000206803
1406	-0.40944	0.00126637	0.0488801	0.000206662
1407	-0.409486	0.00126629	0.0488825	0.00020653
1408	-0.409519	0.00126583	0.0488809	0.00020639
1409	-0.409522	0.00126494	0.0488807	0.000206243
1410	-0.409506	0.00126415	0.048876	0.000206151
1411	-0.409542	0.00126377	0.0488688	0.000206132
1412	-0.409516	0.00126314	0.0488624	0.000206083
1413	-0.409491	0.0012625	0.0488591	0.000205964
1414	-0.409485	0.00126162	0.0488623	0.000205843
1415	-0.409499	0.0012608	0.0488577	0.00020575
1416	-0.40951	0.00125996	0.0488503	0.000205737
1417	-0.409516	0.00125908	0.0488472	0.000205615
1418	-0.40954	0.00125842	0.0488546	0.0002056
1419	-0.409537	0.00125754	0.0488659	0.000205771
1420	-0.409504	0.00125708	0.0488677	0.000205633
1421	-0.409475	0.00125654	0.0488746	0.000205606
1422	-0.409446	0.00125598	0.0488766	0.000205471
1423	-0.409471	0.00125533	0.0488813	0.00020538
1424	-0.409515	0.00125522	0.0488823	0.000205238
1425	-0.409561	0.00125519	0.048889	0.000205202
1426	-0.409568	0.00125433	0.0488871	0.000205067
1427	-0.409568	0.00125345	0.0488802	0.000205038
1428	-0.409529	0.00125316	0.0488913	0.000205189
1429	-0.409546	0.00125239	0.0488937	0.000205061
1430	-0.409528	0.00125165	0.0488948	0.00020492
1431	-0.409562	0.00125121	0.0488893	0.000204853
1432	-0.409611	0.00125132	0.0488987	0.000204927
1433	-0.409604	0.00125047	0.0489101	0.000205102
1434	-0.409593	0.00124965	0.0489149	0.000205014
1435	-0.409541	0.00124986	0.0489188	0.000204907
1436	-0.409497	0.00124976	0.0489223	0.000204795
1437	-0.409439	0.00125023	0.0489192	0.000204676
1438	-0.409446	0.00124938	0.0489149	0.000204578
1439	-0.409419	0.00124881	0.048913	0.000204445
1440	-0.409367	0.00124902	0.0489155	0.000204318
1441	-0.409355	0.00124821	0.0489274	0.000204523
1442	-0.409389	0.00124782	0.048919	0.000204557
1443	-0.409451	0.00124848	0.0489177	0.000204419
1444	-0.409468	0.00124772	0.0489261	0.000204452
1445	-0.409461	0.00124687	0.0489332	0.000204434
1446	-0.409465	0.00124602	0.0489396	0.000204393
1447	-0.409455	0.00124519	0.0489369	0.00020427
1448	-0.409411	0.00124513	0.0489328	0.000204169
1449	-0.409419	0.0012443	0.0489288	0.000204067
1450	-0.409427	0.00124346	0.0489222	0.000204034
1451	-0.40942	0.00124263	0.0489161	0.000203985
1452	-0.409457	0.00124232	0.0489087	0.000203979
1453	-0.409463	0.00124148	0.0489082	0.000203839
1454	-0.409448	0.00124072	0.0489082	0.000203699
1455	-0.40943	0.00124	0.0489124	0.000203601
1456	-0.409415	0.00123923	0.0489111	0.000203465
1457	-0.409375	0.00123904	0.0489069	0.000203369
1458	-0.409315	0.00123961	0.0489146	0.000203376
1459	-0.409269	0.00123961	0.0489122	0.000203251
1460	-0.4093	0.00123914	0.048912	0.000203112
1461	-0.409289	0.00123834	0.048917	0.000203034
1462	-0.40933	0.00123814	0.0489113	0.000202977
1463	-0.409408	0.00123977	0.0489031	0.000203002
1464	-0.409423	0.00123901	0.0488986	0.000202914
1465	-0.409455	0.00123858	0.0488944	0.000202818
1466	-0.409473	0.00123787	0.0488924	0.00020269
1467	-0.409444	0.00123737	0.0488882	0.000202596
1468	-0.409433	0.00123657	0.0488895	0.000202462
1469	-0.409426	0.00123575	0.0488865	0.000202345
1470	-0.409449	0.00123511	0.0488801	0.000202309
1471	-0.409443	0.00123428	0.0488802	0.000202171
1472	-0.409457	0.00123352	0.0488806	0.000202034
1473	-0.409447	0.00123273	0.0488755	0.00020196
1474	-0.409465	0.00123202	0.0488741	0.000201828
1475	-0.409464	0.00123119	0.0488829	0.000201883
1476	-0.409485	0.00123053	0.04888	0.000201768
1477	-0.409521	0.00123021	0.0488764	0.000201664
1478	-0.409522	0.00122937	0.0488773	0.000201529
1479	-0.409525	0.00122855	0.0488759	0.000201398
1480	-0.409535	0.00122776	0.048875	0.000201264
1481	-0.409547	0.00122699	0.0488688	0.000201224
1482	-0.409555	0.00122618	0.048875	0.000201185
1483	-0.409558	0.00122536	0.0488699	0.000201115
1484	-0.409548	0.00122457	0.0488635	0.00020108
1485	-0.40953	0.00122387	0.0488611	0.000200959
1486	-0.409527	0.00122305	0.0488615	0.000200824
1487	-0.409489	0.00122283	0.048866	0.000200739
1488	-0.409478	0.00122205	0.0488657	0.000200604
1489	-0.40947	0.00122126	0.048868	0.000200483
1490	-0.409438	0.00122085	0.0488693	0.000200353
1491	-0.409456	0.00122015	0.0488739	0.000200271
1492	-0.409483	0.00121963	0.048872	0.000200145
1493	-0.409541	0.00122021	0.0488692	0.000200031
1494	-0.409626	0.00122237	0.048869	0.000199897
1495	-0.40972	0.0012251	0.0488595	0.000199987
1496	-0.40983	0.00122926	0.0488595	0.000199853
1497	-0.409945	0.00123377	0.0488578	0.000199728
1498	-0.41005	0.00123739	0.048861	0.000199621
1499	-0.410106	0.00123787	0.0488595	0.000199494
1500	-0.410101	0.00123706	0.0488587	0.000199362
1501	-0.410097	0.00123624	0.0488522	0.000199338
1502	-0.410067	0.00123579	0.0488511	0.000199208
1503	-0.410076	0.001235	0.0488476	0.000199106
1504	-0.41008	0.00123418	0.0488533	0.000199054
1505	-0.410043	0.00123393	0.0488613	0.000199082
1506	-0.409989	0.00123428	0.0488772	0.000199585
1507	-0.409993	0.00123346	0.048877	0.000199453
1508	-0.409941	0.00123372	0.048877	0.000199321
1509	-0.409915	0.00123319	0.0488809	0.000199228
1510	-0.409835	0.00123496	0.0488875	0.000199203
1511	-0.409835	0.00123414	0.0488876	0.000199071
1512	-0.40981	0.00123358	0.0488865	0.000198942
1513	-0.409827	0.00123289	0.0488909	0.000198859
1514	-0.409864	0.00123263	0.0488892	0.000198734
1515	-0.409872	0.00123184	0.0488836	0.000198682
1516	-0.409868	0.00123104	0.0488815	0.000198562
1517	-0.409878	0.00123027	0.0488778	0.000198466
1518	-0.409863	0.00122955	0.0488873	0.000198562
1519	-0.409825	0.00122932	0.0488875	0.000198431
1520	-0.409782	0.00122926	0.0488863	0.000198304
1521	-0.409785	0.00122845	0.0488805	0.000198259
1522	-0.409748	0.00122822	0.0488803	0.000198129
1523	-0.409707	0.00122809	0.0488811	0.000198001
1524	-0.409654	0.00122844	0.0488832	0.000197883
1525	-0.409668	0.00122772	0.0488882	0.000197816
1526	-0.409661	0.00122693	0.0488881	0.000197686
1527	-0.409676	0.00122623	0.0488837	0.000197605
1528	-0.409682	0.00122544	0.0488893	0.000197554
1529	-0.409686	0.00122464	0.0488936	0.000197471
1530	-0.409744	0.00122521	0.0488929	0.000197343
1531	-0.409772	0.00122472	0.0488884	0.000197265
1532	-0.409813	0.00122461	0.0488869	0.000197142
1533	-0.409832	0.00122397	0.0488867	0.000197013
1534	-0.409835	0.00122317	0.0488849	0.000196893
1535	-0.40982	0.00122247	0.0488806	0.000196812
1536	-0.409854	0.00122215	0.0488815	0.000196687
1537	-0.409874	0.00122151	0.0488822	0.00019656
1538	-0.409883	0.00122075	0.0488849	0.00019645
1539	-0.409886	0.00121996	0.0488913	0.000196428
1540	-0.409842	0.00121996	0.0488931	0.000196309
1541	-0.409804	0.00121977	0.0488987	0.000196262
1542	-0.409776	0.0012193	0.0488955	0.000196162
1543	-0.40974	0.00121905	0.0488961	0.000196036
1544	-0.409721	0.00121841	0.048891	0.000195974
1545	-0.409718	0.00121762	0.0488898	0.000195851
1546	-0.409768	0.00121783	0.048888	0.000195733
1547	-0.409764	0.00121705	0.048886	0.000195616
1548	-0.40973	0.00121674	0.0488913	0.000195559
1549	-0.409704	0.00121623	0.048885	0.000195532
1550	-0.409689	0.00121553	0.0488843	0.000195407
1551	-0.409678	0.0012148	0.0488786	0.000195363
1552	-0.409637	0.00121471	0.0488795	0.000195239
1553	-0.409644	0.00121394	0.0488795	0.000195114
1554	-0.40963	0.00121324	0.0488778	0.000194995
1555	-0.409605	0.00121273	0.0488834	0.000194948
1556	-0.409592	0.00121201	0.0488881	0.000194879
1557	-0.409574	0.00121138	0.0488893	0.000194758
1558	-0.409594	0.00121077	0.0488851	0.00019468
1559	-0.409521	0.0012122	0.0488838	0.000194559
1560	-0.409497	0.00121166	0.0488786	0.000194504
1561	-0.409493	0.00121089	0.0488761	0.000194396
1562	-0.409481	0.00121018	0.0488789	0.000194292
1563	-0.409485	0.00120941	0.0488758	0.000194193
1564	-0.409508	0.00120886	0.0488722	0.000194101
1565	-0.409507	0.00120809	0.0488667	0.000194056
1566	-0.409522	0.00120742	0.0488728	0.000194028
1567	-0.409522	0.00120665	0.0488737	0.000193906
1568	-0.409515	0.00120589	0.0488751	0.000193788
1569	-0.409522	0.00120514	0.0488739	0.000193668
1570	-0.409526	0.00120438	0.0488768	0.000193566
1571	-0.409565	0.00120426	0.0488776	0.000193444
1572	-0.409578	0.00120357	0.0488799	0.000193336
1573	-0.409544	0.00120329	0.0488836	0.000193248
1574	-0.40954	0.00120253	0.0488877	0.000193169
1575	-0.409547	0.00120178	0.0488922	0.000193097
1576	-0.409547	0.00120102	0.0488916	0.000192976
1577	-0.409581	0.00120073	0.048889	0.000192871
1578	-0.409574	0.00119999	0.0488908	0.000192757
1579	-0.409572	0.00119923	0.0488879	0.000192657
1580	-0.409564	0.0011985	0.0488826	0.000192606
1581	-0.409549	0.00119784	0.0488813	0.000192489
1582	-0.40958	0.00119748	0.0488837	0.000192383
1583	-0.409577	0.00119673	0.0488852	0.000192267
1584	-0.409559	0.0011961	0.0488846	0.000192147
1585	-0.409566	0.00119537	0.0488831	0.000192031
1586	-0.409582	0.00119473	0.0488757	0.000192053
1587	-0.409603	0.00119416	0.0488713	0.000191982
1588	-0.409615	0.00119347	0.0488732	0.000191871
1589	-0.409611	0.00119272	0.0488711	0.000191761
1590	-0.409653	0.00119271	0.0488667	0.000191691
1591	-0.409717	0.00119368	0.048862	0.000191629
1592	-0.409776	0.00119436	0.0488652	0.000191534
1593	-0.40979	0.0011937	0.0488614	0.00019145
1594	-0.409799	0.00119298	0.0488577	0.000191366
1595	-0.409823	0.00119247	0.0488538	0.000191286
1596	-0.409853	0.00119211	0.0488574	0.000191199
1597	-0.40988	0.00119167	0.0488613	0.00019112
1598	-0.409871	0.00119096	0.0488679	0.000191114
1599	-0.409857	0.0011903	0.0488634	0.000191049
1600	-0.409822	0.00119006	0.0488681	0.00019099
1601	-0.409817	0.00118933	0.0488748	0.000190987
1602	-0.409862	0.00118947	0.0488702	0.000190923
1603	-0.409933	0.00119083	0.0488699	0.000190804
1604	-0.409981	0.00119105	0.0488674	0.000190701
1605	-0.410019	0.00119091	0.0488609	0.000190695
1606	-0.410042	0.00119039	0.0488561	0.000190637
1607	-0.410049	0.00118967	0.0488565	0.000190518
1608	-0.410053	0.00118894	0.0488555	0.000190402
1609	-0.410051	0.0011882	0.048856	0.000190285
1610	-0.410079	0.00118781	0.0488506	0.000190243
1611	-0.410113	0.00118754	0.0488501	0.000190125
1612	-0.410097	0.00118691	0.0488494	0.000190009
1613	-0.410024	0.00118839	0.0488546	0.000189962
1614	-0.40998	0.0011885	0.0488519	0.000189862
1615	-0.409937	0.00118853	0.0488506	0.000189749
1616	-0.409946	0.00118783	0.0488563	0.000189716
1617	-0.40996	0.00118719	0.0488618	0.00018968
1618	-0.40994	0.00118663	0.0488614	0.000189563
1619	-0.409928	0.00118596	0.0488612	0.000189446
1620	-0.409946	0.00118536	0.0488609	0.000189329
1621	-0.409947	0.00118463	0.0488611	0.000189213
1622	-0.409967	0.00118406	0.0488573	0.000189135
1623	-0.409993	0.00118361	0.0488532	0.000189063
1624	-0.409995	0.00118289	0.0488558	0.000188964
1625	-0.409995	0.00118216	0.048857	0.000188852
1626	-0.410008	0.0011815	0.0488558	0.00018874
1627	-0.409994	0.00118085	0.0488634	0.000188777
1628	-0.409987	0.00118015	0.0488679	0.000188716
1629	-0.409948	0.00118007	0.0488647	0.000188627
1630	-0.409937	0.00117939	0.0488614	0.000188541
1631	-0.409914	0.0011789	0.0488696	0.000188605
1632	-0.409883	0.00117857	0.0488801	0.00018878
1633	-0.409861	0.00117807	0.0488885	0.000188853
1634	-0.409852	0.00117738	0.0488862	0.000188751
1635	-0.409842	0.0011767	0.0488848	0.000188641
1636	-0.409871	0.00117635	0.0488907	0.000188619
1637	-0.409883	0.00117569	0.048888	0.000188523
1638	-0.4099	0.00117509	0.0488829	0.000188477
1639	-0.409879	0.00117455	0.0488853	0.000188378
1640	-0.409886	0.00117385	0.048885	0.000188263
1641	-0.40991	0.00117339	0.0488769	0.000188324
1642	-0.40993	0.00117284	0.048869	0.000188372
1643	-0.409938	0.00117215	0.0488665	0.000188274
1644	-0.40994	0.00117144	0.0488649	0.000188166
1645	-0.409942	0.00117073	0.0488699	0.000188119
1646	-0.409916	0.0011703	0.0488739	0.000188047
1647	-0.409883	0.00117007	0.048874	0.000187933
1648	-0.40991	0.00116969	0.0488684	0.000187901
1649	-0.409987	0.00117146	0.0488624	0.000187883
1650	-0.410002	0.00117085	0.0488594	0.000187793
1651	-0.410016	0.00117023	0.0488669	0.000187829
1652	-0.410003	0.00116959	0.0488687	0.000187724
1653	-0.410003	0.00116889	0.0488632	0.000187688
1654	-0.410007	0.00116819	0.0488571	0.000187675
1655	-0.41001	0.00116749	0.0488572	0.000187562
1656	-0.409992	0.00116691	0.0488592	0.000187459
1657	-0.410021	0.00116655	0.0488575	0.000187353
1658	-0.41004	0.00116601	0.048853	0.000187296
1659	-0.41008	0.00116599	0.0488502	0.000187203
1660	-0.410113	0.00116575	0.048852	0.000187099
1661	-0.410113	0.00116505	0.0488526	0.000186987
1662	-0.410108	0.00116436	0.0488545	0.000186885
1663	-0.41009	0.0011638	0.0488483	0.000186877
1664	-0.41008	0.00116315	0.0488489	0.000186765
1665	-0.410065	0.00116255	0.0488583	0.000186889
1666	-0.410044	0.00116203	0.048867	0.000186981
1667	-0.410009	0.00116188	0.0488669	0.000186869
1668	-0.410007	0.00116118	0.0488663	0.000186757
1669	-0.41002	0.00116057	0.0488612	0.000186716
1670	-0.410063	0.00116066	0.048853	0.000186784
1671	-0.41006	0.00115997	0.0488507	0.000186686
1672	-0.410061	0.00115927	0.0488422	0.000186767
1673	-0.410034	0.00115888	0.0488467	0.000186709
1674	-0.410034	0.00115819	0.048845	0.000186605
1675	-0.410047	0.00115756	0.0488466	0.0001865
1676	-0.410037	0.00115691	0.04885	0.00018642
1677	-0.410001	0.00115679	0.0488557	0.000186398
1678	-0.409955	0.00115703	0.0488595	0.000186325
1679	-0.409891	0.0011581	0.048866	0.000186327
1680	-0.409883	0.00115744	0.0488629	0.000186242
1681	-0.409857	0.00115705	0.0488711	0.000186313
1682	-0.409865	0.00115639	0.048871	0.000186202
1683	-0.409833	0.00115614	0.0488671	0.000186132
1684	-0.409808	0.00115573	0.048865	0.000186034
1685	-0.409841	0.00115552	0.0488646	0.000185924
1686	-0.409831	0.00115487	0.0488573	0.000185955
1687	-0.40983	0.00115419	0.0488541	0.000185872
1688	-0.409845	0.0011536	0.0488573	0.00018579
1689	-0.409845	0.00115292	0.0488589	0.000185687
1690	-0.409859	0.00115233	0.0488614	0.000185593
1691	-0.409797	0.00115333	0.0488661	0.000185543
1692	-0.409796	0.00115264	0.0488612	0.000185497
1693	-0.409779	0.00115209	0.048865	0.000185426
1694	-0.409757	0.00115162	0.0488776	0.000185741
1695	-0.40972	0.00115154	0.0488797	0.000185643
1696	-0.409693	0.00115117	0.0488787	0.000185536
1697	-0.409675	0.00115064	0.0488841	0.000185504
1698	-0.409678	0.00114996	0.0488866	0.000185411
1699	-0.409691	0.00114936	0.0488832	0.000185333
1700	-0.409733	0.00114945	0.048879	0.00018527
1701	-0.409779	0.00114968	0.0488735	0.000185244
1702	-0.409797	0.00114915	0.0488778	0.000185185
1703	-0.409793	0.00114849	0.0488833	0.000185158
1704	-0.409778	0.0011479	0.0488862	0.000185072
1705	-0.409757	0.00114744	0.0488839	0.000184978
1706	-0.409787	0.00114717	0.0488872	0.000184899
1707	-0.409842	0.0011478	0.0488848	0.000184805
1708	-0.409903	0.00114874	0.0488829	0.000184707
1709	-0.40993	0.0011484	0.0488872	0.000184649
1710	-0.409964	0.00114822	0.0488906	0.000184571
1711	-0.410009	0.00114844	0.0488968	0.000184568
1712	-0.409995	0.00114787	0.0489046	0.000184625
1713	-0.410013	0.00114734	0.0489049	0.000184517
1714	-0.410047	0.00114719	0.0489108	0.000184502
1715	-0.410072	0.0011468	0.048917	0.000184499
1716	-0.410094	0.00114633	0.0489236	0.00018451
1717	-0.410114	0.00114583	0.0489242	0.000184403
1718	-0.410133	0.00114533	0.0489257	0.000184302
1719	-0.410144	0.00114472	0.0489285	0.000184217
1720	-0.410104	0.00114473	0.0489387	0.000184393
1721	-0.410103	0.00114407	0.0489346	0.000184332
1722	-0.410065	0.00114405	0.048929	0.000184312
1723	-0.410094	0.00114375	0.0489265	0.000184221
1724	-0.410089	0.00114309	0.0489226	0.000184156
1725	-0.41007	0.00114259	0.0489218	0.000184051
1726	-0.410056	0.00114202	0.0489207	0.000183948
1727	-0.41003	0.00114164	0.0489266	0.000183935
1728	-0.410012	0.00114113	0.0489249	0.000183837
1729	-0.409995	0.00114059	0.0489199	0.000183798
1730	-0.409965	0.00114033	0.0489144	0.000183773
1731	-0.409922	0.00114046	0.0489109	0.0001837
1732	-0.409907	0.00113991	0.0489098	0.000183598
1733	-0.409894	0.00113933	0.0489138	0.000183536
1734	-0.409897	0.00113867	0.0489192	0.000183509
1735	-0.409873	0.00113827	0.0489234	0.000183452
1736	-0.409866	0.00113763	0.0489241	0.000183348
1737	-0.409863	0.00113698	0.0489266	0.000183259
1738	-0.409854	0.00113636	0.048936	0.000183397
1739	-0.409804	0.00113681	0.048949	0.000183749
1740	-0.409767	0.00113676	0.0489446	0.000183696
1741	-0.409725	0.00113686	0.0489431	0.000183596
1742	-0.409701	0.00113648	0.048936	0.000183629
1743	-0.409681	0.00113599	0.0489315	0.000183579
1744	-0.409701	0.00113551	0.048931	0.000183474
1745	-0.409695	0.00113488	0.0489324	0.000183374
1746	-0.409687	0.00113426	0.048934	0.000183277
1747	-0.409727	0.00113431	0.048936	0.000183183
1748	-0.409728	0.00113366	0.0489349	0.000183081
1749	-0.409746	0.00113315	0.0489325	0.000182992
1750	-0.409802	0.00113389	0.0489357	0.000182915
1751	-0.409836	0.00113376	0.0489371	0.000182816
1752	-0.409821	0.00113321	0.0489377	0.000182712
1753	-0.409816	0.00113258	0.048944	0.000182719
1754	-0.409807	0.00113196	0.0489424	0.000182623
1755	-0.409824	0.00113144	0.0489437	0.000182524
1756	-0.409816	0.00113082	0.0489521	0.000182613
1757	-0.409845	0.00113054	0.0489667	0.000183092
1758	-0.409893	0.00113089	0.0489658	0.00018299
1759	-0.409943	0.00113138	0.0489656	0.000182886
1760	-0.409964	0.00113092	0.0489749	0.000183018
1761	-0.409993	0.00113067	0.0489788	0.000182955
1762	-0.409999	0.00113005	0.0489772	0.000182858
1763	-0.410039	0.00113009	0.048976	0.000182758
1764	-0.410055	0.00112957	0.0489784	0.000182671
1765	-0.410086	0.00112936	0.0489827	0.000182618
1766	-0.410073	0.00112879	0.0489893	0.000182631
1767	-0.410088	0.00112825	0.0489878	0.000182533
1768	-0.410088	0.00112761	0.0489856	0.000182443
1769	-0.41009	0.00112697	0.0489898	0.000182388
1770	-0.410122	0.0011268	0.0489867	0.00018231
1771	-0.410133	0.00112622	0.0489862	0.000182208
1772	-0.410127	0.0011256	0.0489897	0.000182139
1773	-0.41009	0.00112557	0.0490052	0.000182692
1774	-0.410053	0.00112554	0.0490084	0.000182618
1775	-0.410052	0.0011249	0.0490118	0.000182546
1776	-0.410054	0.00112427	0.0490126	0.000182445
1777	-0.410038	0.00112376	0.049022	0.000182584
1778	-0.410046	0.00112316	0.0490271	0.000182552
1779	-0.410043	0.00112253	0.0490291	0.00018246
1780	-0.410017	0.0011222	0.0490351	0.000182459
1781	-0.410054	0.00112219	0.0490349	0.000182356
1782	-0.41007	0.00112167	0.0490332	0.000182262
1783	-0.410066	0.00112105	0.0490341	0.000182162
1784	-0.410099	0.00112092	0.0490431	0.000182284
1785	-0.410089	0.00112034	0.0490459	0.000182203
1786	-0.410096	0.00111973	0.0490474	0.000182107
1787	-0.41007	0.00111943	0.0490444	0.000182029
1788	-0.410026	0.00111964	0.0490411	0.000181957
1789	-0.409948	0.00112173	0.0490393	0.000181865
1790	-0.409886	0.00112282	0.049042	0.000181783
1791	-0.40988	0.00112221	0.0490404	0.000181688
1792	-0.409849	0.00112201	0.0490371	0.000181616
1793	-0.409812	0.00112201	0.0490352	0.000181524
1794	-0.409773	0.00112206	0.0490376	0.000181438
1795	-0.409745	0.00112178	0.049037	0.000181338
1796	-0.409777	0.00112164	0.0490347	0.000181252
1797	-0.409783	0.00112103	0.0490322	0.000181168
1798	-0.409819	0.00112097	0.0490237	0.00018127
1799	-0.409843	0.00112061	0.0490167	0.000181302
1800	-0.409872	0.00112036	0.0490102	0.000181318
1801	-0.409942	0.0011219	0.0490041	0.000181322
1802	-0.409973	0.00112172	0.0489963	0.000181387
1803	-0.409955	0.00112125	0.0489969	0.000181288
1804	-0.409988	0.00112112	0.0489978	0.000181189
1805	-0.409967	0.0011207	0.0489994	0.000181096
1806	-0.409927	0.00112081	0.0490026	0.000181023
1807	-0.409947	0.00112037	0.049003	0.000180924
1808	-0.409963	0.00111987	0.0490018	0.000180828
1809	-0.40998	0.00111939	0.0490033	0.000180734
1810	-0.409951	0.00111916	0.0490068	0.000180668
1811	-0.409933	0.00111869	0.0490027	0.000180615
1812	-0.409872	0.0011197	0.0490029	0.000180515
1813	-0.409836	0.00111968	0.0490023	0.000180417
1814	-0.40983	0.00111908	0.0490004	0.000180327
1815	-0.409831	0.00111846	0.0489988	0.000180235
1816	-0.409812	0.00111801	0.049008	0.000180367
1817	-0.409811	0.0011174	0.0490106	0.000180288
1818	-0.409803	0.00111682	0.0490163	0.000180278
1819	-0.409821	0.00111636	0.0490223	0.00018028
1820	-0.409859	0.00111637	0.0490217	0.000180182
1821	-0.409861	0.00111576	0.0490201	0.000180091
1822	-0.409839	0.00111537	0.0490199	0.000179992
1823	-0.409813	0.00111506	0.0490309	0.000180228
1824	-0.40983	0.00111459	0.0490428	0.000180525
1825	-0.409846	0.00111409	0.0490507	0.000180595
1826	-0.409847	0.00111348	0.0490533	0.000180516
1827	-0.409904	0.0011143	0.0490536	0.000180418
1828	-0.409929	0.00111397	0.0490536	0.000180319
1829	-0.410003	0.00111582	0.0490576	0.000180263
1830	-0.410063	0.00111685	0.0490608	0.000180195
1831	-0.410119	0.00111765	0.0490684	0.000180253
1832	-0.410191	0.00111935	0.0490715	0.000180182
1833	-0.410206	0.00111884	0.0490767	0.000180158
1834	-0.410142	0.00112009	0.0490837	0.000180195
1835	-0.410121	0.00111967	0.0490854	0.000180105
1836	-0.410134	0.00111913	0.0490834	0.000180017
1837	-0.410145	0.00111858	0.0490857	0.000179933
1838	-0.410093	0.00111919	0.0490931	0.000179987
1839	-0.41008	0.00111866	0.0490964	0.00017992
1840	-0.410056	0.00111832	0.049096	0.000179822
1841	-0.410027	0.00111809	0.0491022	0.000179833
1842	-0.410021	0.0011175	0.0490997	0.000179752
1843	-0.41001	0.00111694	0.0491036	0.000179696
1844	-0.410014	0.00111634	0.0491053	0.000179606
1845	-0.410006	0.00111577	0.0491097	0.000179563
1846	-0.409994	0.00111524	0.0491098	0.000179466
1847	-0.409946	0.00111563	0.0491078	0.00017938
1848	-0.409898	0.00111608	0.0491056	0.000179297
1849	-0.409904	0.0011155	0.0490973	0.000179392
1850	-0.409918	0.00111498	0.0490996	0.00017931
1851	-0.409897	0.00111457	0.0491011	0.000179219
1852	-0.409872	0.00111424	0.0491141	0.000179591
1853	-0.409847	0.00111393	0.0491136	0.000179495
1854	-0.409845	0.00111333	0.0491132	0.000179398
1855	-0.409838	0.00111275	0.049117	0.000179344
1856	-0.409785	0.00111343	0.0491167	0.000179247
1857	-0.409764	0.00111301	0.0491221	0.000179232
1858	-0.409758	0.00111243	0.0491228	0.000179137
1859	-0.4097	0.00111335	0.0491298	0.000179175
1860	-0.409657	0.00111359	0.0491309	0.000179082
1861	-0.409624	0.00111349	0.049134	0.000179012
1862	-0.409638	0.00111298	0.0491351	0.000178919
1863	-0.409646	0.00111242	0.0491372	0.000178836
1864	-0.409634	0.00111189	0.0491374	0.00017874
1865	-0.409631	0.0011113	0.0491374	0.000178644
1866	-0.409601	0.00111109	0.0491394	0.00017856
1867	-0.409558	0.00111136	0.0491365	0.000178489
1868	-0.40953	0.0011111	0.0491352	0.000178398
1869	-0.409502	0.00111088	0.0491334	0.000178311
1870	-0.409493	0.00111031	0.0491329	0.000178217
1871	-0.409503	0.00110976	0.0491284	0.000178178
1872	-0.409488	0.00110926	0.0491261	0.000178097
1873	-0.40946	0.00110903	0.0491257	0.000178002
1874	-0.409438	0.00110865	0.0491248	0.00017791
1875	-0.409402	0.00110867	0.0491278	0.000177842
1876	-0.409381	0.00110827	0.0491251	0.000177768
1877	-0.409415	0.0011082	0.0491226	0.000177691
1878	-0.40942	0.00110762	0.0491151	0.000177755
1879	-0.40944	0.00110721	0.049108	0.000177802
1880	-0.409443	0.00110662	0.0491046	0.000177739
1881	-0.409435	0.00110606	0.0491062	0.000177652
1882	-0.409454	0.00110563	0.0491006	0.000177648
1883	-0.409457	0.00110505	0.0490969	0.000177592
1884	-0.409442	0.00110458	0.0490941	0.000177519
1885	-0.409456	0.00110409	0.0490953	0.000177429
1886	-0.409457	0.0011035	0.0490989	0.000177371
1887	-0.409439	0.00110307	0.0491092	0.000177577
1888	-0.409443	0.00110249	0.0491079	0.000177487
1889	-0.409464	0.00110211	0.0491049	0.00017742
1890	-0.409431	0.00110203	0.0491094	0.000177383
1891	-0.409428	0.00110145	0.049112	0.000177309
1892	-0.409394	0.00110141	0.0491141	0.000177228
1893	-0.409395	0.00110083	0.0491133	0.000177136
1894	-0.40941	0.00110036	0.0491122	0.000177046
1895	-0.409419	0.00109981	0.049115	0.000176975
1896	-0.409414	0.00109924	0.0491148	0.000176882
1897	-0.409423	0.00109869	0.0491109	0.00017683
1898	-0.409436	0.0010982	0.0491061	0.000176804
1899	-0.409488	0.00109884	0.0491071	0.000176714
1900	-0.40951	0.00109848	0.0491072	0.000176621
1901	-0.409523	0.00109798	0.0491076	0.000176529
1902	-0.409506	0.00109753	0.0491108	0.000176465
1903	-0.409475	0.00109738	0.0491168	0.000176476
1904	-0.409475	0.00109681	0.0491151	0.000176391
1905	-0.409464	0.00109629	0.0491133	0.000176308
1906	-0.409442	0.00109593	0.0491194	0.000176319
1907	-0.409432	0.00109541	0.0491223	0.000176251
1908	-0.409415	0.00109496	0.049129	0.000176285
1909	-0.409423	0.00109441	0.0491285	0.000176193
1910	-0.40943	0.00109387	0.0491323	0.000176144
1911	-0.409427	0.0010933	0.0491345	0.000176065
1912	-0.409401	0.00109303	0.0491361	0.00017598
1913	-0.409381	0.00109264	0.0491365	0.000175889
1914	-0.409355	0.00109239	0.0491517	0.000176447
1915	-0.409352	0.00109182	0.0491559	0.000176406
1916	-0.409373	0.00109145	0.0491559	0.000176314
1917	-0.409343	0.00109129	0.0491543	0.00017623
1918	-0.409306	0.00109134	0.049153	0.000176143
1919	-0.409276	0.00109118	0.0491503	0.000176072
1920	-0.409265	0.00109067	0.0491425	0.000176153
1921	-0.409278	0.00109017	0.0491396	0.000176085
1922	-0.409276	0.00108961	0.0491397	0.000175994
1923	-0.409285	0.00108907	0.0491396	0.000175902
1924	-0.409324	0.00108923	0.0491397	0.000175811
1925	-0.409351	0.00108899	0.0491352	0.000175778
1926	-0.409383	0.00108889	0.0491316	0.000175723
1927	-0.409393	0.00108837	0.0491271	0.00017569
1928	-0.409397	0.00108782	0.0491317	0.00017566
1929	-0.409414	0.00108739	0.0491365	0.000175634
1930	-0.409464	0.00108795	0.0491391	0.000175563
1931	-0.409515	0.00108862	0.0491421	0.000175496
1932	-0.409544	0.00108842	0.0491472	0.000175481
1933	-0.409565	0.00108807	0.0491548	0.000175556
1934	-0.409586	0.0010877	0.0491587	0.000175507
1935	-0.409591	0.00108715	0.0491556	0.000175445
1936	-0.409589	0.00108659	0.0491551	0.000175354
1937	-0.409615	0.00108634	0.0491503	0.000175331
1938	-0.409672	0.00108728	0.0491439	0.000175355
1939	-0.409678	0.00108673	0.0491473	0.000175296
1940	-0.409695	0.0010863	0.0491509	0.000175243
1941	-0.409701	0.00108576	0.0491458	0.000175225
1942	-0.409711	0.00108525	0.0491402	0.000175224
1943	-0.409716	0.0010847	0.0491441	0.000175176
1944	-0.409706	0.00108418	0.0491457	0.000175093
1945	-0.409707	0.00108362	0.0491454	0.000175004
1946	-0.409753	0.00108402	0.049143	0.00017493
1947	-0.409811	0.00108502	0.0491437	0.000174842
1948	-0.409865	0.0010858	0.0491463	0.00017477
1949	-0.409945	0.00108819	0.0491443	0.000174691
1950	-0.410013	0.00108978	0.0491367	0.000174766
1951	-0.410056	0.00109006	0.0491334	0.000174707
1952	-0.410106	0.00109066	0.0491304	0.000174645
1953	-0.41017	0.00109196	0.049124	0.000174671
1954	-0.410189	0.00109157	0.0491211	0.000174606
1955	-0.410191	0.00109102	0.0491291	0.000174698
1956	-0.410243	0.0010917	0.0491286	0.000174609
1957	-0.410305	0.00109288	0.0491239	0.000174584
1958	-0.410351	0.00109332	0.0491185	0.000174579
1959	-0.410362	0.00109281	0.0491119	0.000174614
1960	-0.410392	0.00109268	0.0491082	0.000174562
1961	-0.410428	0.0010927	0.0491049	0.000174506
1962	-0.410465	0.00109277	0.0491005	0.000174471
1963	-0.410499	0.00109274	0.0491012	0.000174384
1964	-0.410479	0.00109237	0.0491024	0.000174299
1965	-0.410434	0.00109276	0.0491039	0.000174217
1966	-0.41043	0.00109221	0.049103	0.000174131
1967	-0.410416	0.00109174	0.0490996	0.000174076
1968	-0.410392	0.00109147	0.0490972	0.000174004
1969	-0.410366	0.00109121	0.0491018	0.000173977
1970	-0.410337	0.00109105	0.0491036	0.000173898
1971	-0.410331	0.00109051	0.0491006	0.000173836
1972	-0.410319	0.00109002	0.049098	0.000173768
1973	-0.410317	0.00108947	0.0490943	0.000173717
1974	-0.410279	0.00108956	0.0490964	0.000173641
1975	-0.410255	0.00108928	0.0490994	0.00017358
1976	-0.410272	0.00108886	0.0490957	0.000173532
1977	-0.410309	0.00108894	0.0490938	0.000173454
1978	-0.410328	0.00108856	0.0490963	0.000173384
1979	-0.410345	0.00108814	0.0490965	0.000173297
1980	-0.410325	0.00108777	0.0490905	0.000173313
1981	-0.41032	0.00108723	0.0490869	0.000173263
1982	-0.410299	0.00108689	0.0490906	0.000173216
1983	-0.410265	0.00108687	0.0490888	0.000173138
1984	-0.41026	0.00108633	0.0490912	0.000173069
1985	-0.410217	0.00108664	0.0490935	0.000172996
1986	-0.410225	0.00108612	0.0490905	0.000172934
1987	-0.41021	0.00108567	0.0490863	0.000172898
1988	-0.410163	0.00108615	0.0490845	0.00017282
1989	-0.410144	0.00108578	0.0490816	0.000172757
1990	-0.410107	0.00108586	0.0490821	0.000172671
1991	-0.410058	0.00108641	0.0490823	0.000172584
1992	-0.410046	0.00108593	0.0490874	0.000172571
1993	-0.409976	0.00108763	0.0490959	0.000172694
1994	-0.40995	0.0010874	0.0490989	0.000172634
1995	-0.409913	0.00108748	0.0491021	0.000172577
1996	-0.409896	0.00108707	0.0491072	0.000172565
1997	-0.409891	0.00108654	0.0491064	0.00017248
1998	-0.409937	0.00108698	0.0491025	0.000172438
1999	-0.409981	0.00108731	0.0491016	0.000172354
2000	-0.410011	0.0010872	0.0491003	0.000172273
